timestamp,agent_index,action,score,is_win,is_lose,game_over,map_matrix
2026-05-25T15:51:29.361334,0,West,0.0,False,False,False,"[[0, 0, 0, 0, 0, 0, 0, 0, 0, 0, 0], [0, 2, 2, 2, 2, 2, 2, 2, 2, 3, 0], [0, 2, 0, 0, 0, 2, 0, 0, 0, 2, 0], [0, 2, 0, 2, 2, 2, 2, 2, 0, 2, 0], [0, 2, 2, 2, 0, 2, 0, 2, 2, 2, 0], [0, 0, 0, 2, 0, 2, 0, 2, 0, 0, 0], [0, 2, 2, 2, 2, 2, 2, 2, 2, 2, 0], [0, 2, 0, 2, 0, 0, 0, 2, 0, 2, 0], [0, 2, 0, 2, 0, 4, 0, 2, 0, 2, 0], [0, 5, 0, 2, 0, 1, 1, 2, 0, 2, 0], [0, 2, 0, 2, 0, 1, 1, 2, 0, 2, 0], [0, 2, 0, 2, 0, 4, 0, 2, 0, 2, 0], [0, 2, 0, 2, 0, 0, 0, 2, 0, 2, 0], [0, 2, 2, 2, 2, 2, 2, 2, 2, 2, 0], [0, 0, 0, 2, 0, 2, 0, 2, 0, 0, 0], [0, 2, 2, 2, 0, 2, 0, 2, 2, 2, 0], [0, 2, 0, 2, 2, 2, 2, 2, 0, 2, 0], [0, 2, 0, 0, 0, 2, 0, 0, 0, 2, 0], [0, 3, 2, 2, 2, 2, 2, 2, 2, 2, 0], [0, 0, 0, 0, 0, 0, 0, 0, 0, 0, 0]]"
2026-05-25T15:51:29.406832,0,West,9.0,False,False,False,"[[0, 0, 0, 0, 0, 0, 0, 0, 0, 0, 0], [0, 2, 2, 2, 2, 2, 2, 2, 2, 3, 0], [0, 2, 0, 0, 0, 2, 0, 0, 0, 2, 0], [0, 2, 0, 2, 2, 2, 2, 2, 0, 2, 0], [0, 2, 2, 2, 0, 2, 0, 2, 2, 2, 0], [0, 0, 0, 2, 0, 2, 0, 2, 0, 0, 0], [0, 2, 2, 2, 2, 2, 2, 2, 2, 2, 0], [0, 2, 0, 2, 0, 0, 0, 2, 0, 2, 0], [0, 5, 0, 2, 0, 1, 0, 2, 0, 2, 0], [0, 1, 0, 2, 0, 4, 1, 2, 0, 2, 0], [0, 2, 0, 2, 0, 4, 1, 2, 0, 2, 0], [0, 2, 0, 2, 0, 1, 0, 2, 0, 2, 0], [0, 2, 0, 2, 0, 0, 0, 2, 0, 2, 0], [0, 2, 2, 2, 2, 2, 2, 2, 2, 2, 0], [0, 0, 0, 2, 0, 2, 0, 2, 0, 0, 0], [0, 2, 2, 2, 0, 2, 0, 2, 2, 2, 0], [0, 2, 0, 2, 2, 2, 2, 2, 0, 2, 0], [0, 2, 0, 0, 0, 2, 0, 0, 0, 2, 0], [0, 3, 2, 2, 2, 2, 2, 2, 2, 2, 0], [0, 0, 0, 0, 0, 0, 0, 0, 0, 0, 0]]"
2026-05-25T15:51:29.468872,0,West,18.0,False,False,False,"[[0, 0, 0, 0, 0, 0, 0, 0, 0, 0, 0], [0, 2, 2, 2, 2, 2, 2, 2, 2, 3, 0], [0, 2, 0, 0, 0, 2, 0, 0, 0, 2, 0], [0, 2, 0, 2, 2, 2, 2, 2, 0, 2, 0], [0, 2, 2, 2, 0, 2, 0, 2, 2, 2, 0], [0, 0, 0, 2, 0, 2, 0, 2, 0, 0, 0], [0, 2, 2, 2, 2, 2, 2, 2, 2, 2, 0], [0, 5, 0, 2, 0, 0, 0, 2, 0, 2, 0], [0, 1, 0, 2, 0, 1, 0, 2, 0, 2, 0], [0, 1, 0, 2, 0, 4, 4, 2, 0, 2, 0], [0, 2, 0, 2, 0, 1, 1, 2, 0, 2, 0], [0, 2, 0, 2, 0, 1, 0, 2, 0, 2, 0], [0, 2, 0, 2, 0, 0, 0, 2, 0, 2, 0], [0, 2, 2, 2, 2, 2, 2, 2, 2, 2, 0], [0, 0, 0, 2, 0, 2, 0, 2, 0, 0, 0], [0, 2, 2, 2, 0, 2, 0, 2, 2, 2, 0], [0, 2, 0, 2, 2, 2, 2, 2, 0, 2, 0], [0, 2, 0, 0, 0, 2, 0, 0, 0, 2, 0], [0, 3, 2, 2, 2, 2, 2, 2, 2, 2, 0], [0, 0, 0, 0, 0, 0, 0, 0, 0, 0, 0]]"
2026-05-25T15:51:29.512811,0,North,27.0,False,False,False,"[[0, 0, 0, 0, 0, 0, 0, 0, 0, 0, 0], [0, 2, 2, 2, 2, 2, 2, 2, 2, 3, 0], [0, 2, 0, 0, 0, 2, 0, 0, 0, 2, 0], [0, 2, 0, 2, 2, 2, 2, 2, 0, 2, 0], [0, 2, 2, 2, 0, 2, 0, 2, 2, 2, 0], [0, 0, 0, 2, 0, 2, 0, 2, 0, 0, 0], [0, 5, 2, 2, 2, 2, 2, 2, 2, 2, 0], [0, 1, 0, 2, 0, 0, 0, 2, 0, 2, 0], [0, 1, 0, 2, 0, 4, 0, 2, 0, 2, 0], [0, 1, 0, 2, 0, 1, 1, 4, 0, 2, 0], [0, 2, 0, 2, 0, 1, 1, 2, 0, 2, 0], [0, 2, 0, 2, 0, 1, 0, 2, 0, 2, 0], [0, 2, 0, 2, 0, 0, 0, 2, 0, 2, 0], [0, 2, 2, 2, 2, 2, 2, 2, 2, 2, 0], [0, 0, 0, 2, 0, 2, 0, 2, 0, 0, 0], [0, 2, 2, 2, 0, 2, 0, 2, 2, 2, 0], [0, 2, 0, 2, 2, 2, 2, 2, 0, 2, 0], [0, 2, 0, 0, 0, 2, 0, 0, 0, 2, 0], [0, 3, 2, 2, 2, 2, 2, 2, 2, 2, 0], [0, 0, 0, 0, 0, 0, 0, 0, 0, 0, 0]]"
2026-05-25T15:51:29.545820,0,North,36.0,False,False,False,"[[0, 0, 0, 0, 0, 0, 0, 0, 0, 0, 0], [0, 2, 2, 2, 2, 2, 2, 2, 2, 3, 0], [0, 2, 0, 0, 0, 2, 0, 0, 0, 2, 0], [0, 2, 0, 2, 2, 2, 2, 2, 0, 2, 0], [0, 2, 2, 2, 0, 2, 0, 2, 2, 2, 0], [0, 0, 0, 2, 0, 2, 0, 2, 0, 0, 0], [0, 1, 5, 2, 2, 2, 2, 2, 2, 2, 0], [0, 1, 0, 2, 0, 0, 0, 2, 0, 2, 0], [0, 1, 0, 2, 0, 1, 0, 4, 0, 2, 0], [0, 1, 0, 2, 0, 4, 1, 2, 0, 2, 0], [0, 2, 0, 2, 0, 1, 1, 2, 0, 2, 0], [0, 2, 0, 2, 0, 1, 0, 2, 0, 2, 0], [0, 2, 0, 2, 0, 0, 0, 2, 0, 2, 0], [0, 2, 2, 2, 2, 2, 2, 2, 2, 2, 0], [0, 0, 0, 2, 0, 2, 0, 2, 0, 0, 0], [0, 2, 2, 2, 0, 2, 0, 2, 2, 2, 0], [0, 2, 0, 2, 2, 2, 2, 2, 0, 2, 0], [0, 2, 0, 0, 0, 2, 0, 0, 0, 2, 0], [0, 3, 2, 2, 2, 2, 2, 2, 2, 2, 0], [0, 0, 0, 0, 0, 0, 0, 0, 0, 0, 0]]"
2026-05-25T15:51:29.584369,0,West,45.0,False,False,False,"[[0, 0, 0, 0, 0, 0, 0, 0, 0, 0, 0], [0, 2, 2, 2, 2, 2, 2, 2, 2, 3, 0], [0, 2, 0, 0, 0, 2, 0, 0, 0, 2, 0], [0, 2, 0, 2, 2, 2, 2, 2, 0, 2, 0], [0, 2, 2, 2, 0, 2, 0, 2, 2, 2, 0], [0, 0, 0, 2, 0, 2, 0, 2, 0, 0, 0], [0, 1, 1, 5, 2, 2, 2, 2, 2, 2, 0], [0, 1, 0, 2, 0, 0, 0, 4, 0, 2, 0], [0, 1, 0, 2, 0, 1, 0, 2, 0, 2, 0], [0, 1, 0, 2, 0, 1, 4, 2, 0, 2, 0], [0, 2, 0, 2, 0, 1, 1, 2, 0, 2, 0], [0, 2, 0, 2, 0, 1, 0, 2, 0, 2, 0], [0, 2, 0, 2, 0, 0, 0, 2, 0, 2, 0], [0, 2, 2, 2, 2, 2, 2, 2, 2, 2, 0], [0, 0, 0, 2, 0, 2, 0, 2, 0, 0, 0], [0, 2, 2, 2, 0, 2, 0, 2, 2, 2, 0], [0, 2, 0, 2, 2, 2, 2, 2, 0, 2, 0], [0, 2, 0, 0, 0, 2, 0, 0, 0, 2, 0], [0, 3, 2, 2, 2, 2, 2, 2, 2, 2, 0], [0, 0, 0, 0, 0, 0, 0, 0, 0, 0, 0]]"
2026-05-25T15:51:29.610587,0,West,54.0,False,False,False,"[[0, 0, 0, 0, 0, 0, 0, 0, 0, 0, 0], [0, 2, 2, 2, 2, 2, 2, 2, 2, 3, 0], [0, 2, 0, 0, 0, 2, 0, 0, 0, 2, 0], [0, 2, 0, 2, 2, 2, 2, 2, 0, 2, 0], [0, 2, 2, 2, 0, 2, 0, 2, 2, 2, 0], [0, 0, 0, 5, 0, 2, 0, 2, 0, 0, 0], [0, 1, 1, 1, 2, 2, 2, 4, 2, 2, 0], [0, 1, 0, 2, 0, 0, 0, 2, 0, 2, 0], [0, 1, 0, 2, 0, 1, 0, 2, 0, 2, 0], [0, 1, 0, 2, 0, 1, 1, 4, 0, 2, 0], [0, 2, 0, 2, 0, 1, 1, 2, 0, 2, 0], [0, 2, 0, 2, 0, 1, 0, 2, 0, 2, 0], [0, 2, 0, 2, 0, 0, 0, 2, 0, 2, 0], [0, 2, 2, 2, 2, 2, 2, 2, 2, 2, 0], [0, 0, 0, 2, 0, 2, 0, 2, 0, 0, 0], [0, 2, 2, 2, 0, 2, 0, 2, 2, 2, 0], [0, 2, 0, 2, 2, 2, 2, 2, 0, 2, 0], [0, 2, 0, 0, 0, 2, 0, 0, 0, 2, 0], [0, 3, 2, 2, 2, 2, 2, 2, 2, 2, 0], [0, 0, 0, 0, 0, 0, 0, 0, 0, 0, 0]]"
2026-05-25T15:51:29.635068,0,South,63.0,False,False,False,"[[0, 0, 0, 0, 0, 0, 0, 0, 0, 0, 0], [0, 2, 2, 2, 2, 2, 2, 2, 2, 3, 0], [0, 2, 0, 0, 0, 2, 0, 0, 0, 2, 0], [0, 2, 0, 2, 2, 2, 2, 2, 0, 2, 0], [0, 2, 2, 5, 0, 2, 0, 2, 2, 2, 0], [0, 0, 0, 1, 0, 2, 0, 2, 0, 0, 0], [0, 1, 1, 1, 2, 2, 4, 2, 2, 2, 0], [0, 1, 0, 2, 0, 0, 0, 2, 0, 2, 0], [0, 1, 0, 2, 0, 1, 0, 4, 0, 2, 0], [0, 1, 0, 2, 0, 1, 1, 2, 0, 2, 0], [0, 2, 0, 2, 0, 1, 1, 2, 0, 2, 0], [0, 2, 0, 2, 0, 1, 0, 2, 0, 2, 0], [0, 2, 0, 2, 0, 0, 0, 2, 0, 2, 0], [0, 2, 2, 2, 2, 2, 2, 2, 2, 2, 0], [0, 0, 0, 2, 0, 2, 0, 2, 0, 0, 0], [0, 2, 2, 2, 0, 2, 0, 2, 2, 2, 0], [0, 2, 0, 2, 2, 2, 2, 2, 0, 2, 0], [0, 2, 0, 0, 0, 2, 0, 0, 0, 2, 0], [0, 3, 2, 2, 2, 2, 2, 2, 2, 2, 0], [0, 0, 0, 0, 0, 0, 0, 0, 0, 0, 0]]"
2026-05-25T15:51:29.672524,0,North,72.0,False,False,False,"[[0, 0, 0, 0, 0, 0, 0, 0, 0, 0, 0], [0, 2, 2, 2, 2, 2, 2, 2, 2, 3, 0], [0, 2, 0, 0, 0, 2, 0, 0, 0, 2, 0], [0, 2, 0, 2, 2, 2, 2, 2, 0, 2, 0], [0, 2, 5, 1, 0, 2, 0, 2, 2, 2, 0], [0, 0, 0, 1, 0, 2, 0, 2, 0, 0, 0], [0, 1, 1, 1, 2, 4, 2, 2, 2, 2, 0], [0, 1, 0, 2, 0, 0, 0, 4, 0, 2, 0], [0, 1, 0, 2, 0, 1, 0, 2, 0, 2, 0], [0, 1, 0, 2, 0, 1, 1, 2, 0, 2, 0], [0, 2, 0, 2, 0, 1, 1, 2, 0, 2, 0], [0, 2, 0, 2, 0, 1, 0, 2, 0, 2, 0], [0, 2, 0, 2, 0, 0, 0, 2, 0, 2, 0], [0, 2, 2, 2, 2, 2, 2, 2, 2, 2, 0], [0, 0, 0, 2, 0, 2, 0, 2, 0, 0, 0], [0, 2, 2, 2, 0, 2, 0, 2, 2, 2, 0], [0, 2, 0, 2, 2, 2, 2, 2, 0, 2, 0], [0, 2, 0, 0, 0, 2, 0, 0, 0, 2, 0], [0, 3, 2, 2, 2, 2, 2, 2, 2, 2, 0], [0, 0, 0, 0, 0, 0, 0, 0, 0, 0, 0]]"
2026-05-25T15:51:29.705831,0,South,71.0,False,False,False,"[[0, 0, 0, 0, 0, 0, 0, 0, 0, 0, 0], [0, 2, 2, 2, 2, 2, 2, 2, 2, 3, 0], [0, 2, 0, 0, 0, 2, 0, 0, 0, 2, 0], [0, 2, 0, 2, 2, 2, 2, 2, 0, 2, 0], [0, 2, 1, 5, 0, 2, 0, 2, 2, 2, 0], [0, 0, 0, 1, 0, 2, 0, 2, 0, 0, 0], [0, 1, 1, 1, 4, 2, 2, 4, 2, 2, 0], [0, 1, 0, 2, 0, 0, 0, 2, 0, 2, 0], [0, 1, 0, 2, 0, 1, 0, 2, 0, 2, 0], [0, 1, 0, 2, 0, 1, 1, 2, 0, 2, 0], [0, 2, 0, 2, 0, 1, 1, 2, 0, 2, 0], [0, 2, 0, 2, 0, 1, 0, 2, 0, 2, 0], [0, 2, 0, 2, 0, 0, 0, 2, 0, 2, 0], [0, 2, 2, 2, 2, 2, 2, 2, 2, 2, 0], [0, 0, 0, 2, 0, 2, 0, 2, 0, 0, 0], [0, 2, 2, 2, 0, 2, 0, 2, 2, 2, 0], [0, 2, 0, 2, 2, 2, 2, 2, 0, 2, 0], [0, 2, 0, 0, 0, 2, 0, 0, 0, 2, 0], [0, 3, 2, 2, 2, 2, 2, 2, 2, 2, 0], [0, 0, 0, 0, 0, 0, 0, 0, 0, 0, 0]]"
2026-05-25T15:51:29.728011,0,South,70.0,False,False,False,"[[0, 0, 0, 0, 0, 0, 0, 0, 0, 0, 0], [0, 2, 2, 2, 2, 2, 2, 2, 2, 3, 0], [0, 2, 0, 0, 0, 2, 0, 0, 0, 2, 0], [0, 2, 0, 2, 2, 2, 2, 2, 0, 2, 0], [0, 2, 5, 1, 0, 2, 0, 2, 2, 2, 0], [0, 0, 0, 1, 0, 2, 0, 2, 0, 0, 0], [0, 1, 1, 4, 2, 2, 4, 2, 2, 2, 0], [0, 1, 0, 2, 0, 0, 0, 2, 0, 2, 0], [0, 1, 0, 2, 0, 1, 0, 2, 0, 2, 0], [0, 1, 0, 2, 0, 1, 1, 2, 0, 2, 0], [0, 2, 0, 2, 0, 1, 1, 2, 0, 2, 0], [0, 2, 0, 2, 0, 1, 0, 2, 0, 2, 0], [0, 2, 0, 2, 0, 0, 0, 2, 0, 2, 0], [0, 2, 2, 2, 2, 2, 2, 2, 2, 2, 0], [0, 0, 0, 2, 0, 2, 0, 2, 0, 0, 0], [0, 2, 2, 2, 0, 2, 0, 2, 2, 2, 0], [0, 2, 0, 2, 2, 2, 2, 2, 0, 2, 0], [0, 2, 0, 0, 0, 2, 0, 0, 0, 2, 0], [0, 3, 2, 2, 2, 2, 2, 2, 2, 2, 0], [0, 0, 0, 0, 0, 0, 0, 0, 0, 0, 0]]"
2026-05-25T15:51:29.740538,0,West,79.0,False,False,False,"[[0, 0, 0, 0, 0, 0, 0, 0, 0, 0, 0], [0, 2, 2, 2, 2, 2, 2, 2, 2, 3, 0], [0, 2, 0, 0, 0, 2, 0, 0, 0, 2, 0], [0, 2, 0, 2, 2, 2, 2, 2, 0, 2, 0], [0, 5, 1, 1, 0, 2, 0, 2, 2, 2, 0], [0, 0, 0, 1, 0, 2, 0, 2, 0, 0, 0], [0, 1, 4, 1, 2, 4, 2, 2, 2, 2, 0], [0, 1, 0, 2, 0, 0, 0, 2, 0, 2, 0], [0, 1, 0, 2, 0, 1, 0, 2, 0, 2, 0], [0, 1, 0, 2, 0, 1, 1, 2, 0, 2, 0], [0, 2, 0, 2, 0, 1, 1, 2, 0, 2, 0], [0, 2, 0, 2, 0, 1, 0, 2, 0, 2, 0], [0, 2, 0, 2, 0, 0, 0, 2, 0, 2, 0], [0, 2, 2, 2, 2, 2, 2, 2, 2, 2, 0], [0, 0, 0, 2, 0, 2, 0, 2, 0, 0, 0], [0, 2, 2, 2, 0, 2, 0, 2, 2, 2, 0], [0, 2, 0, 2, 2, 2, 2, 2, 0, 2, 0], [0, 2, 0, 0, 0, 2, 0, 0, 0, 2, 0], [0, 3, 2, 2, 2, 2, 2, 2, 2, 2, 0], [0, 0, 0, 0, 0, 0, 0, 0, 0, 0, 0]]"
2026-05-25T15:51:29.750795,0,West,88.0,False,False,False,"[[0, 0, 0, 0, 0, 0, 0, 0, 0, 0, 0], [0, 2, 2, 2, 2, 2, 2, 2, 2, 3, 0], [0, 2, 0, 0, 0, 2, 0, 0, 0, 2, 0], [0, 5, 0, 2, 2, 2, 2, 2, 0, 2, 0], [0, 1, 1, 1, 0, 2, 0, 2, 2, 2, 0], [0, 0, 0, 1, 0, 4, 0, 2, 0, 0, 0], [0, 4, 1, 1, 2, 2, 2, 2, 2, 2, 0], [0, 1, 0, 2, 0, 0, 0, 2, 0, 2, 0], [0, 1, 0, 2, 0, 1, 0, 2, 0, 2, 0], [0, 1, 0, 2, 0, 1, 1, 2, 0, 2, 0], [0, 2, 0, 2, 0, 1, 1, 2, 0, 2, 0], [0, 2, 0, 2, 0, 1, 0, 2, 0, 2, 0], [0, 2, 0, 2, 0, 0, 0, 2, 0, 2, 0], [0, 2, 2, 2, 2, 2, 2, 2, 2, 2, 0], [0, 0, 0, 2, 0, 2, 0, 2, 0, 0, 0], [0, 2, 2, 2, 0, 2, 0, 2, 2, 2, 0], [0, 2, 0, 2, 2, 2, 2, 2, 0, 2, 0], [0, 2, 0, 0, 0, 2, 0, 0, 0, 2, 0], [0, 3, 2, 2, 2, 2, 2, 2, 2, 2, 0], [0, 0, 0, 0, 0, 0, 0, 0, 0, 0, 0]]"
2026-05-25T15:51:29.763344,0,West,97.0,False,False,False,"[[0, 0, 0, 0, 0, 0, 0, 0, 0, 0, 0], [0, 2, 2, 2, 2, 2, 2, 2, 2, 3, 0], [0, 5, 0, 0, 0, 2, 0, 0, 0, 2, 0], [0, 1, 0, 2, 2, 2, 2, 2, 0, 2, 0], [0, 1, 1, 1, 0, 4, 0, 2, 2, 2, 0], [0, 0, 0, 1, 0, 2, 0, 2, 0, 0, 0], [0, 1, 1, 1, 2, 2, 2, 2, 2, 2, 0], [0, 4, 0, 2, 0, 0, 0, 2, 0, 2, 0], [0, 1, 0, 2, 0, 1, 0, 2, 0, 2, 0], [0, 1, 0, 2, 0, 1, 1, 2, 0, 2, 0], [0, 2, 0, 2, 0, 1, 1, 2, 0, 2, 0], [0, 2, 0, 2, 0, 1, 0, 2, 0, 2, 0], [0, 2, 0, 2, 0, 0, 0, 2, 0, 2, 0], [0, 2, 2, 2, 2, 2, 2, 2, 2, 2, 0], [0, 0, 0, 2, 0, 2, 0, 2, 0, 0, 0], [0, 2, 2, 2, 0, 2, 0, 2, 2, 2, 0], [0, 2, 0, 2, 2, 2, 2, 2, 0, 2, 0], [0, 2, 0, 0, 0, 2, 0, 0, 0, 2, 0], [0, 3, 2, 2, 2, 2, 2, 2, 2, 2, 0], [0, 0, 0, 0, 0, 0, 0, 0, 0, 0, 0]]"
2026-05-25T15:51:29.777494,0,North,106.0,False,False,False,"[[0, 0, 0, 0, 0, 0, 0, 0, 0, 0, 0], [0, 5, 2, 2, 2, 2, 2, 2, 2, 3, 0], [0, 1, 0, 0, 0, 2, 0, 0, 0, 2, 0], [0, 1, 0, 2, 2, 4, 2, 2, 0, 2, 0], [0, 1, 1, 1, 0, 2, 0, 2, 2, 2, 0], [0, 0, 0, 1, 0, 2, 0, 2, 0, 0, 0], [0, 1, 1, 1, 2, 2, 2, 2, 2, 2, 0], [0, 1, 0, 2, 0, 0, 0, 2, 0, 2, 0], [0, 4, 0, 2, 0, 1, 0, 2, 0, 2, 0], [0, 1, 0, 2, 0, 1, 1, 2, 0, 2, 0], [0, 2, 0, 2, 0, 1, 1, 2, 0, 2, 0], [0, 2, 0, 2, 0, 1, 0, 2, 0, 2, 0], [0, 2, 0, 2, 0, 0, 0, 2, 0, 2, 0], [0, 2, 2, 2, 2, 2, 2, 2, 2, 2, 0], [0, 0, 0, 2, 0, 2, 0, 2, 0, 0, 0], [0, 2, 2, 2, 0, 2, 0, 2, 2, 2, 0], [0, 2, 0, 2, 2, 2, 2, 2, 0, 2, 0], [0, 2, 0, 0, 0, 2, 0, 0, 0, 2, 0], [0, 3, 2, 2, 2, 2, 2, 2, 2, 2, 0], [0, 0, 0, 0, 0, 0, 0, 0, 0, 0, 0]]"
2026-05-25T15:51:29.787139,0,North,115.0,False,False,False,"[[0, 0, 0, 0, 0, 0, 0, 0, 0, 0, 0], [0, 1, 5, 2, 2, 2, 2, 2, 2, 3, 0], [0, 1, 0, 0, 0, 2, 0, 0, 0, 2, 0], [0, 1, 0, 2, 4, 2, 2, 2, 0, 2, 0], [0, 1, 1, 1, 0, 2, 0, 2, 2, 2, 0], [0, 0, 0, 1, 0, 2, 0, 2, 0, 0, 0], [0, 1, 1, 1, 2, 2, 2, 2, 2, 2, 0], [0, 1, 0, 2, 0, 0, 0, 2, 0, 2, 0], [0, 1, 0, 2, 0, 1, 0, 2, 0, 2, 0], [0, 4, 0, 2, 0, 1, 1, 2, 0, 2, 0], [0, 2, 0, 2, 0, 1, 1, 2, 0, 2, 0], [0, 2, 0, 2, 0, 1, 0, 2, 0, 2, 0], [0, 2, 0, 2, 0, 0, 0, 2, 0, 2, 0], [0, 2, 2, 2, 2, 2, 2, 2, 2, 2, 0], [0, 0, 0, 2, 0, 2, 0, 2, 0, 0, 0], [0, 2, 2, 2, 0, 2, 0, 2, 2, 2, 0], [0, 2, 0, 2, 2, 2, 2, 2, 0, 2, 0], [0, 2, 0, 0, 0, 2, 0, 0, 0, 2, 0], [0, 3, 2, 2, 2, 2, 2, 2, 2, 2, 0], [0, 0, 0, 0, 0, 0, 0, 0, 0, 0, 0]]"
2026-05-25T15:51:29.799207,0,North,124.0,False,False,False,"[[0, 0, 0, 0, 0, 0, 0, 0, 0, 0, 0], [0, 1, 1, 5, 2, 2, 2, 2, 2, 3, 0], [0, 1, 0, 0, 0, 2, 0, 0, 0, 2, 0], [0, 1, 0, 4, 2, 2, 2, 2, 0, 2, 0], [0, 1, 1, 1, 0, 2, 0, 2, 2, 2, 0], [0, 0, 0, 1, 0, 2, 0, 2, 0, 0, 0], [0, 1, 1, 1, 2, 2, 2, 2, 2, 2, 0], [0, 1, 0, 2, 0, 0, 0, 2, 0, 2, 0], [0, 1, 0, 2, 0, 1, 0, 2, 0, 2, 0], [0, 1, 0, 2, 0, 1, 1, 2, 0, 2, 0], [0, 4, 0, 2, 0, 1, 1, 2, 0, 2, 0], [0, 2, 0, 2, 0, 1, 0, 2, 0, 2, 0], [0, 2, 0, 2, 0, 0, 0, 2, 0, 2, 0], [0, 2, 2, 2, 2, 2, 2, 2, 2, 2, 0], [0, 0, 0, 2, 0, 2, 0, 2, 0, 0, 0], [0, 2, 2, 2, 0, 2, 0, 2, 2, 2, 0], [0, 2, 0, 2, 2, 2, 2, 2, 0, 2, 0], [0, 2, 0, 0, 0, 2, 0, 0, 0, 2, 0], [0, 3, 2, 2, 2, 2, 2, 2, 2, 2, 0], [0, 0, 0, 0, 0, 0, 0, 0, 0, 0, 0]]"
2026-05-25T15:51:29.816129,0,North,133.0,False,False,False,"[[0, 0, 0, 0, 0, 0, 0, 0, 0, 0, 0], [0, 1, 1, 1, 5, 2, 2, 2, 2, 3, 0], [0, 1, 0, 0, 0, 2, 0, 0, 0, 2, 0], [0, 1, 0, 2, 2, 2, 2, 2, 0, 2, 0], [0, 1, 1, 4, 0, 2, 0, 2, 2, 2, 0], [0, 0, 0, 1, 0, 2, 0, 2, 0, 0, 0], [0, 1, 1, 1, 2, 2, 2, 2, 2, 2, 0], [0, 1, 0, 2, 0, 0, 0, 2, 0, 2, 0], [0, 1, 0, 2, 0, 1, 0, 2, 0, 2, 0], [0, 1, 0, 2, 0, 1, 1, 2, 0, 2, 0], [0, 2, 0, 2, 0, 1, 1, 2, 0, 2, 0], [0, 4, 0, 2, 0, 1, 0, 2, 0, 2, 0], [0, 2, 0, 2, 0, 0, 0, 2, 0, 2, 0], [0, 2, 2, 2, 2, 2, 2, 2, 2, 2, 0], [0, 0, 0, 2, 0, 2, 0, 2, 0, 0, 0], [0, 2, 2, 2, 0, 2, 0, 2, 2, 2, 0], [0, 2, 0, 2, 2, 2, 2, 2, 0, 2, 0], [0, 2, 0, 0, 0, 2, 0, 0, 0, 2, 0], [0, 3, 2, 2, 2, 2, 2, 2, 2, 2, 0], [0, 0, 0, 0, 0, 0, 0, 0, 0, 0, 0]]"
2026-05-25T15:51:29.830729,0,East,142.0,False,False,False,"[[0, 0, 0, 0, 0, 0, 0, 0, 0, 0, 0], [0, 1, 1, 1, 1, 5, 2, 2, 2, 3, 0], [0, 1, 0, 0, 0, 2, 0, 0, 0, 2, 0], [0, 1, 0, 2, 2, 2, 2, 2, 0, 2, 0], [0, 1, 4, 1, 0, 2, 0, 2, 2, 2, 0], [0, 0, 0, 1, 0, 2, 0, 2, 0, 0, 0], [0, 1, 1, 1, 2, 2, 2, 2, 2, 2, 0], [0, 1, 0, 2, 0, 0, 0, 2, 0, 2, 0], [0, 1, 0, 2, 0, 1, 0, 2, 0, 2, 0], [0, 1, 0, 2, 0, 1, 1, 2, 0, 2, 0], [0, 2, 0, 2, 0, 1, 1, 2, 0, 2, 0], [0, 2, 0, 2, 0, 1, 0, 2, 0, 2, 0], [0, 4, 0, 2, 0, 0, 0, 2, 0, 2, 0], [0, 2, 2, 2, 2, 2, 2, 2, 2, 2, 0], [0, 0, 0, 2, 0, 2, 0, 2, 0, 0, 0], [0, 2, 2, 2, 0, 2, 0, 2, 2, 2, 0], [0, 2, 0, 2, 2, 2, 2, 2, 0, 2, 0], [0, 2, 0, 0, 0, 2, 0, 0, 0, 2, 0], [0, 3, 2, 2, 2, 2, 2, 2, 2, 2, 0], [0, 0, 0, 0, 0, 0, 0, 0, 0, 0, 0]]"
2026-05-25T15:51:29.847453,0,East,151.0,False,False,False,"[[0, 0, 0, 0, 0, 0, 0, 0, 0, 0, 0], [0, 1, 1, 1, 1, 1, 2, 2, 2, 3, 0], [0, 1, 0, 0, 0, 5, 0, 0, 0, 2, 0], [0, 1, 0, 2, 2, 2, 2, 2, 0, 2, 0], [0, 4, 1, 1, 0, 2, 0, 2, 2, 2, 0], [0, 0, 0, 1, 0, 2, 0, 2, 0, 0, 0], [0, 1, 1, 1, 2, 2, 2, 2, 2, 2, 0], [0, 1, 0, 2, 0, 0, 0, 2, 0, 2, 0], [0, 1, 0, 2, 0, 1, 0, 2, 0, 2, 0], [0, 1, 0, 2, 0, 1, 1, 2, 0, 2, 0], [0, 2, 0, 2, 0, 1, 1, 2, 0, 2, 0], [0, 2, 0, 2, 0, 1, 0, 2, 0, 2, 0], [0, 2, 0, 2, 0, 0, 0, 2, 0, 2, 0], [0, 4, 2, 2, 2, 2, 2, 2, 2, 2, 0], [0, 0, 0, 2, 0, 2, 0, 2, 0, 0, 0], [0, 2, 2, 2, 0, 2, 0, 2, 2, 2, 0], [0, 2, 0, 2, 2, 2, 2, 2, 0, 2, 0], [0, 2, 0, 0, 0, 2, 0, 0, 0, 2, 0], [0, 3, 2, 2, 2, 2, 2, 2, 2, 2, 0], [0, 0, 0, 0, 0, 0, 0, 0, 0, 0, 0]]"
2026-05-25T15:51:29.876130,0,North,160.0,False,False,False,"[[0, 0, 0, 0, 0, 0, 0, 0, 0, 0, 0], [0, 1, 1, 1, 1, 1, 2, 2, 2, 3, 0], [0, 1, 0, 0, 0, 1, 0, 0, 0, 2, 0], [0, 4, 0, 2, 2, 5, 2, 2, 0, 2, 0], [0, 1, 1, 1, 0, 2, 0, 2, 2, 2, 0], [0, 0, 0, 1, 0, 2, 0, 2, 0, 0, 0], [0, 1, 1, 1, 2, 2, 2, 2, 2, 2, 0], [0, 1, 0, 2, 0, 0, 0, 2, 0, 2, 0], [0, 1, 0, 2, 0, 1, 0, 2, 0, 2, 0], [0, 1, 0, 2, 0, 1, 1, 2, 0, 2, 0], [0, 2, 0, 2, 0, 1, 1, 2, 0, 2, 0], [0, 2, 0, 2, 0, 1, 0, 2, 0, 2, 0], [0, 2, 0, 2, 0, 0, 0, 2, 0, 2, 0], [0, 2, 4, 2, 2, 2, 2, 2, 2, 2, 0], [0, 0, 0, 2, 0, 2, 0, 2, 0, 0, 0], [0, 2, 2, 2, 0, 2, 0, 2, 2, 2, 0], [0, 2, 0, 2, 2, 2, 2, 2, 0, 2, 0], [0, 2, 0, 0, 0, 2, 0, 0, 0, 2, 0], [0, 3, 2, 2, 2, 2, 2, 2, 2, 2, 0], [0, 0, 0, 0, 0, 0, 0, 0, 0, 0, 0]]"
2026-05-25T15:51:29.901800,0,North,169.0,False,False,False,"[[0, 0, 0, 0, 0, 0, 0, 0, 0, 0, 0], [0, 1, 1, 1, 1, 1, 2, 2, 2, 3, 0], [0, 4, 0, 0, 0, 1, 0, 0, 0, 2, 0], [0, 1, 0, 2, 2, 1, 5, 2, 0, 2, 0], [0, 1, 1, 1, 0, 2, 0, 2, 2, 2, 0], [0, 0, 0, 1, 0, 2, 0, 2, 0, 0, 0], [0, 1, 1, 1, 2, 2, 2, 2, 2, 2, 0], [0, 1, 0, 2, 0, 0, 0, 2, 0, 2, 0], [0, 1, 0, 2, 0, 1, 0, 2, 0, 2, 0], [0, 1, 0, 2, 0, 1, 1, 2, 0, 2, 0], [0, 2, 0, 2, 0, 1, 1, 2, 0, 2, 0], [0, 2, 0, 2, 0, 1, 0, 2, 0, 2, 0], [0, 2, 0, 2, 0, 0, 0, 2, 0, 2, 0], [0, 2, 2, 4, 2, 2, 2, 2, 2, 2, 0], [0, 0, 0, 2, 0, 2, 0, 2, 0, 0, 0], [0, 2, 2, 2, 0, 2, 0, 2, 2, 2, 0], [0, 2, 0, 2, 2, 2, 2, 2, 0, 2, 0], [0, 2, 0, 0, 0, 2, 0, 0, 0, 2, 0], [0, 3, 2, 2, 2, 2, 2, 2, 2, 2, 0], [0, 0, 0, 0, 0, 0, 0, 0, 0, 0, 0]]"
2026-05-25T15:51:29.913211,0,East,178.0,False,False,False,"[[0, 0, 0, 0, 0, 0, 0, 0, 0, 0, 0], [0, 4, 1, 1, 1, 1, 2, 2, 2, 3, 0], [0, 1, 0, 0, 0, 1, 0, 0, 0, 2, 0], [0, 1, 0, 2, 2, 1, 1, 5, 0, 2, 0], [0, 1, 1, 1, 0, 2, 0, 2, 2, 2, 0], [0, 0, 0, 1, 0, 2, 0, 2, 0, 0, 0], [0, 1, 1, 1, 2, 2, 2, 2, 2, 2, 0], [0, 1, 0, 2, 0, 0, 0, 2, 0, 2, 0], [0, 1, 0, 2, 0, 1, 0, 2, 0, 2, 0], [0, 1, 0, 2, 0, 1, 1, 2, 0, 2, 0], [0, 2, 0, 2, 0, 1, 1, 2, 0, 2, 0], [0, 2, 0, 2, 0, 1, 0, 2, 0, 2, 0], [0, 2, 0, 4, 0, 0, 0, 2, 0, 2, 0], [0, 2, 2, 2, 2, 2, 2, 2, 2, 2, 0], [0, 0, 0, 2, 0, 2, 0, 2, 0, 0, 0], [0, 2, 2, 2, 0, 2, 0, 2, 2, 2, 0], [0, 2, 0, 2, 2, 2, 2, 2, 0, 2, 0], [0, 2, 0, 0, 0, 2, 0, 0, 0, 2, 0], [0, 3, 2, 2, 2, 2, 2, 2, 2, 2, 0], [0, 0, 0, 0, 0, 0, 0, 0, 0, 0, 0]]"
2026-05-25T15:51:29.927645,0,East,187.0,False,False,False,"[[0, 0, 0, 0, 0, 0, 0, 0, 0, 0, 0], [0, 1, 4, 1, 1, 1, 2, 2, 2, 3, 0], [0, 1, 0, 0, 0, 1, 0, 0, 0, 2, 0], [0, 1, 0, 2, 2, 1, 1, 1, 0, 2, 0], [0, 1, 1, 1, 0, 2, 0, 5, 2, 2, 0], [0, 0, 0, 1, 0, 2, 0, 2, 0, 0, 0], [0, 1, 1, 1, 2, 2, 2, 2, 2, 2, 0], [0, 1, 0, 2, 0, 0, 0, 2, 0, 2, 0], [0, 1, 0, 2, 0, 1, 0, 2, 0, 2, 0], [0, 1, 0, 2, 0, 1, 1, 2, 0, 2, 0], [0, 2, 0, 2, 0, 1, 1, 2, 0, 2, 0], [0, 2, 0, 4, 0, 1, 0, 2, 0, 2, 0], [0, 2, 0, 2, 0, 0, 0, 2, 0, 2, 0], [0, 2, 2, 2, 2, 2, 2, 2, 2, 2, 0], [0, 0, 0, 2, 0, 2, 0, 2, 0, 0, 0], [0, 2, 2, 2, 0, 2, 0, 2, 2, 2, 0], [0, 2, 0, 2, 2, 2, 2, 2, 0, 2, 0], [0, 2, 0, 0, 0, 2, 0, 0, 0, 2, 0], [0, 3, 2, 2, 2, 2, 2, 2, 2, 2, 0], [0, 0, 0, 0, 0, 0, 0, 0, 0, 0, 0]]"
2026-05-25T15:51:29.941875,0,Stop,196.0,False,False,False,"[[0, 0, 0, 0, 0, 0, 0, 0, 0, 0, 0], [0, 1, 1, 4, 1, 1, 2, 2, 2, 3, 0], [0, 1, 0, 0, 0, 1, 0, 0, 0, 2, 0], [0, 1, 0, 2, 2, 1, 1, 1, 0, 2, 0], [0, 1, 1, 1, 0, 2, 0, 1, 2, 2, 0], [0, 0, 0, 1, 0, 2, 0, 5, 0, 0, 0], [0, 1, 1, 1, 2, 2, 2, 2, 2, 2, 0], [0, 1, 0, 2, 0, 0, 0, 2, 0, 2, 0], [0, 1, 0, 2, 0, 1, 0, 2, 0, 2, 0], [0, 1, 0, 2, 0, 1, 1, 2, 0, 2, 0], [0, 2, 0, 4, 0, 1, 1, 2, 0, 2, 0], [0, 2, 0, 2, 0, 1, 0, 2, 0, 2, 0], [0, 2, 0, 2, 0, 0, 0, 2, 0, 2, 0], [0, 2, 2, 2, 2, 2, 2, 2, 2, 2, 0], [0, 0, 0, 2, 0, 2, 0, 2, 0, 0, 0], [0, 2, 2, 2, 0, 2, 0, 2, 2, 2, 0], [0, 2, 0, 2, 2, 2, 2, 2, 0, 2, 0], [0, 2, 0, 0, 0, 2, 0, 0, 0, 2, 0], [0, 3, 2, 2, 2, 2, 2, 2, 2, 2, 0], [0, 0, 0, 0, 0, 0, 0, 0, 0, 0, 0]]"
2026-05-25T15:51:29.959524,0,East,195.0,False,False,False,"[[0, 0, 0, 0, 0, 0, 0, 0, 0, 0, 0], [0, 1, 1, 1, 4, 1, 2, 2, 2, 3, 0], [0, 1, 0, 0, 0, 1, 0, 0, 0, 2, 0], [0, 1, 0, 2, 2, 1, 1, 1, 0, 2, 0], [0, 1, 1, 1, 0, 2, 0, 1, 2, 2, 0], [0, 0, 0, 1, 0, 2, 0, 5, 0, 0, 0], [0, 1, 1, 1, 2, 2, 2, 2, 2, 2, 0], [0, 1, 0, 2, 0, 0, 0, 2, 0, 2, 0], [0, 1, 0, 2, 0, 1, 0, 2, 0, 2, 0], [0, 1, 0, 4, 0, 1, 1, 2, 0, 2, 0], [0, 2, 0, 2, 0, 1, 1, 2, 0, 2, 0], [0, 2, 0, 2, 0, 1, 0, 2, 0, 2, 0], [0, 2, 0, 2, 0, 0, 0, 2, 0, 2, 0], [0, 2, 2, 2, 2, 2, 2, 2, 2, 2, 0], [0, 0, 0, 2, 0, 2, 0, 2, 0, 0, 0], [0, 2, 2, 2, 0, 2, 0, 2, 2, 2, 0], [0, 2, 0, 2, 2, 2, 2, 2, 0, 2, 0], [0, 2, 0, 0, 0, 2, 0, 0, 0, 2, 0], [0, 3, 2, 2, 2, 2, 2, 2, 2, 2, 0], [0, 0, 0, 0, 0, 0, 0, 0, 0, 0, 0]]"
2026-05-25T15:51:30.014411,0,East,204.0,False,False,False,"[[0, 0, 0, 0, 0, 0, 0, 0, 0, 0, 0], [0, 1, 1, 1, 1, 4, 2, 2, 2, 3, 0], [0, 1, 0, 0, 0, 1, 0, 0, 0, 2, 0], [0, 1, 0, 2, 2, 1, 1, 1, 0, 2, 0], [0, 1, 1, 1, 0, 2, 0, 1, 2, 2, 0], [0, 0, 0, 1, 0, 2, 0, 1, 0, 0, 0], [0, 1, 1, 1, 2, 2, 2, 5, 2, 2, 0], [0, 1, 0, 2, 0, 0, 0, 2, 0, 2, 0], [0, 1, 0, 4, 0, 1, 0, 2, 0, 2, 0], [0, 1, 0, 2, 0, 1, 1, 2, 0, 2, 0], [0, 2, 0, 2, 0, 1, 1, 2, 0, 2, 0], [0, 2, 0, 2, 0, 1, 0, 2, 0, 2, 0], [0, 2, 0, 2, 0, 0, 0, 2, 0, 2, 0], [0, 2, 2, 2, 2, 2, 2, 2, 2, 2, 0], [0, 0, 0, 2, 0, 2, 0, 2, 0, 0, 0], [0, 2, 2, 2, 0, 2, 0, 2, 2, 2, 0], [0, 2, 0, 2, 2, 2, 2, 2, 0, 2, 0], [0, 2, 0, 0, 0, 2, 0, 0, 0, 2, 0], [0, 3, 2, 2, 2, 2, 2, 2, 2, 2, 0], [0, 0, 0, 0, 0, 0, 0, 0, 0, 0, 0]]"
2026-05-25T15:51:30.036057,0,East,213.0,False,False,False,"[[0, 0, 0, 0, 0, 0, 0, 0, 0, 0, 0], [0, 1, 1, 1, 1, 1, 4, 2, 2, 3, 0], [0, 1, 0, 0, 0, 1, 0, 0, 0, 2, 0], [0, 1, 0, 2, 2, 1, 1, 1, 0, 2, 0], [0, 1, 1, 1, 0, 2, 0, 1, 2, 2, 0], [0, 0, 0, 1, 0, 2, 0, 1, 0, 0, 0], [0, 1, 1, 1, 2, 2, 2, 1, 2, 2, 0], [0, 1, 0, 4, 0, 0, 0, 5, 0, 2, 0], [0, 1, 0, 2, 0, 1, 0, 2, 0, 2, 0], [0, 1, 0, 2, 0, 1, 1, 2, 0, 2, 0], [0, 2, 0, 2, 0, 1, 1, 2, 0, 2, 0], [0, 2, 0, 2, 0, 1, 0, 2, 0, 2, 0], [0, 2, 0, 2, 0, 0, 0, 2, 0, 2, 0], [0, 2, 2, 2, 2, 2, 2, 2, 2, 2, 0], [0, 0, 0, 2, 0, 2, 0, 2, 0, 0, 0], [0, 2, 2, 2, 0, 2, 0, 2, 2, 2, 0], [0, 2, 0, 2, 2, 2, 2, 2, 0, 2, 0], [0, 2, 0, 0, 0, 2, 0, 0, 0, 2, 0], [0, 3, 2, 2, 2, 2, 2, 2, 2, 2, 0], [0, 0, 0, 0, 0, 0, 0, 0, 0, 0, 0]]"
2026-05-25T15:51:30.075283,0,East,222.0,False,False,False,"[[0, 0, 0, 0, 0, 0, 0, 0, 0, 0, 0], [0, 1, 1, 1, 1, 1, 2, 4, 2, 3, 0], [0, 1, 0, 0, 0, 1, 0, 0, 0, 2, 0], [0, 1, 0, 2, 2, 1, 1, 1, 0, 2, 0], [0, 1, 1, 1, 0, 2, 0, 1, 2, 2, 0], [0, 0, 0, 1, 0, 2, 0, 1, 0, 0, 0], [0, 1, 1, 4, 2, 2, 2, 1, 2, 2, 0], [0, 1, 0, 2, 0, 0, 0, 1, 0, 2, 0], [0, 1, 0, 2, 0, 1, 0, 5, 0, 2, 0], [0, 1, 0, 2, 0, 1, 1, 2, 0, 2, 0], [0, 2, 0, 2, 0, 1, 1, 2, 0, 2, 0], [0, 2, 0, 2, 0, 1, 0, 2, 0, 2, 0], [0, 2, 0, 2, 0, 0, 0, 2, 0, 2, 0], [0, 2, 2, 2, 2, 2, 2, 2, 2, 2, 0], [0, 0, 0, 2, 0, 2, 0, 2, 0, 0, 0], [0, 2, 2, 2, 0, 2, 0, 2, 2, 2, 0], [0, 2, 0, 2, 2, 2, 2, 2, 0, 2, 0], [0, 2, 0, 0, 0, 2, 0, 0, 0, 2, 0], [0, 3, 2, 2, 2, 2, 2, 2, 2, 2, 0], [0, 0, 0, 0, 0, 0, 0, 0, 0, 0, 0]]"
2026-05-25T15:51:30.097792,0,East,231.0,False,False,False,"[[0, 0, 0, 0, 0, 0, 0, 0, 0, 0, 0], [0, 1, 1, 1, 1, 1, 2, 2, 4, 3, 0], [0, 1, 0, 0, 0, 1, 0, 0, 0, 2, 0], [0, 1, 0, 2, 2, 1, 1, 1, 0, 2, 0], [0, 1, 1, 1, 0, 2, 0, 1, 2, 2, 0], [0, 0, 0, 1, 0, 2, 0, 1, 0, 0, 0], [0, 1, 1, 1, 4, 2, 2, 1, 2, 2, 0], [0, 1, 0, 2, 0, 0, 0, 1, 0, 2, 0], [0, 1, 0, 2, 0, 1, 0, 1, 0, 2, 0], [0, 1, 0, 2, 0, 1, 1, 5, 0, 2, 0], [0, 2, 0, 2, 0, 1, 1, 2, 0, 2, 0], [0, 2, 0, 2, 0, 1, 0, 2, 0, 2, 0], [0, 2, 0, 2, 0, 0, 0, 2, 0, 2, 0], [0, 2, 2, 2, 2, 2, 2, 2, 2, 2, 0], [0, 0, 0, 2, 0, 2, 0, 2, 0, 0, 0], [0, 2, 2, 2, 0, 2, 0, 2, 2, 2, 0], [0, 2, 0, 2, 2, 2, 2, 2, 0, 2, 0], [0, 2, 0, 0, 0, 2, 0, 0, 0, 2, 0], [0, 3, 2, 2, 2, 2, 2, 2, 2, 2, 0], [0, 0, 0, 0, 0, 0, 0, 0, 0, 0, 0]]"
2026-05-25T15:51:30.131220,0,East,240.0,False,False,False,"[[0, 0, 0, 0, 0, 0, 0, 0, 0, 0, 0], [0, 1, 1, 1, 1, 1, 2, 2, 2, 4, 0], [0, 1, 0, 0, 0, 1, 0, 0, 0, 2, 0], [0, 1, 0, 2, 2, 1, 1, 1, 0, 2, 0], [0, 1, 1, 1, 0, 2, 0, 1, 2, 2, 0], [0, 0, 0, 1, 0, 2, 0, 1, 0, 0, 0], [0, 1, 1, 1, 2, 4, 2, 1, 2, 2, 0], [0, 1, 0, 2, 0, 0, 0, 1, 0, 2, 0], [0, 1, 0, 2, 0, 1, 0, 1, 0, 2, 0], [0, 1, 0, 2, 0, 1, 1, 1, 0, 2, 0], [0, 2, 0, 2, 0, 1, 1, 5, 0, 2, 0], [0, 2, 0, 2, 0, 1, 0, 2, 0, 2, 0], [0, 2, 0, 2, 0, 0, 0, 2, 0, 2, 0], [0, 2, 2, 2, 2, 2, 2, 2, 2, 2, 0], [0, 0, 0, 2, 0, 2, 0, 2, 0, 0, 0], [0, 2, 2, 2, 0, 2, 0, 2, 2, 2, 0], [0, 2, 0, 2, 2, 2, 2, 2, 0, 2, 0], [0, 2, 0, 0, 0, 2, 0, 0, 0, 2, 0], [0, 3, 2, 2, 2, 2, 2, 2, 2, 2, 0], [0, 0, 0, 0, 0, 0, 0, 0, 0, 0, 0]]"
2026-05-25T15:51:30.151226,0,East,249.0,False,False,False,"[[0, 0, 0, 0, 0, 0, 0, 0, 0, 0, 0], [0, 1, 1, 1, 1, 1, 2, 2, 2, 3, 0], [0, 1, 0, 0, 0, 1, 0, 0, 0, 4, 0], [0, 1, 0, 2, 2, 1, 1, 1, 0, 2, 0], [0, 1, 1, 1, 0, 2, 0, 1, 2, 2, 0], [0, 0, 0, 1, 0, 2, 0, 1, 0, 0, 0], [0, 1, 1, 1, 2, 2, 4, 1, 2, 2, 0], [0, 1, 0, 2, 0, 0, 0, 1, 0, 2, 0], [0, 1, 0, 2, 0, 1, 0, 1, 0, 2, 0], [0, 1, 0, 2, 0, 1, 1, 1, 0, 2, 0], [0, 2, 0, 2, 0, 1, 1, 1, 0, 2, 0], [0, 2, 0, 2, 0, 1, 0, 5, 0, 2, 0], [0, 2, 0, 2, 0, 0, 0, 2, 0, 2, 0], [0, 2, 2, 2, 2, 2, 2, 2, 2, 2, 0], [0, 0, 0, 2, 0, 2, 0, 2, 0, 0, 0], [0, 2, 2, 2, 0, 2, 0, 2, 2, 2, 0], [0, 2, 0, 2, 2, 2, 2, 2, 0, 2, 0], [0, 2, 0, 0, 0, 2, 0, 0, 0, 2, 0], [0, 3, 2, 2, 2, 2, 2, 2, 2, 2, 0], [0, 0, 0, 0, 0, 0, 0, 0, 0, 0, 0]]"
2026-05-25T15:51:30.186577,0,East,258.0,False,False,False,"[[0, 0, 0, 0, 0, 0, 0, 0, 0, 0, 0], [0, 1, 1, 1, 1, 1, 2, 2, 2, 3, 0], [0, 1, 0, 0, 0, 1, 0, 0, 0, 2, 0], [0, 1, 0, 2, 2, 1, 1, 1, 0, 4, 0], [0, 1, 1, 1, 0, 2, 0, 1, 2, 2, 0], [0, 0, 0, 1, 0, 2, 0, 1, 0, 0, 0], [0, 1, 1, 1, 2, 2, 2, 4, 2, 2, 0], [0, 1, 0, 2, 0, 0, 0, 1, 0, 2, 0], [0, 1, 0, 2, 0, 1, 0, 1, 0, 2, 0], [0, 1, 0, 2, 0, 1, 1, 1, 0, 2, 0], [0, 2, 0, 2, 0, 1, 1, 1, 0, 2, 0], [0, 2, 0, 2, 0, 1, 0, 1, 0, 2, 0], [0, 2, 0, 2, 0, 0, 0, 5, 0, 2, 0], [0, 2, 2, 2, 2, 2, 2, 2, 2, 2, 0], [0, 0, 0, 2, 0, 2, 0, 2, 0, 0, 0], [0, 2, 2, 2, 0, 2, 0, 2, 2, 2, 0], [0, 2, 0, 2, 2, 2, 2, 2, 0, 2, 0], [0, 2, 0, 0, 0, 2, 0, 0, 0, 2, 0], [0, 3, 2, 2, 2, 2, 2, 2, 2, 2, 0], [0, 0, 0, 0, 0, 0, 0, 0, 0, 0, 0]]"
2026-05-25T15:51:30.214294,0,South,267.0,False,False,False,"[[0, 0, 0, 0, 0, 0, 0, 0, 0, 0, 0], [0, 1, 1, 1, 1, 1, 2, 2, 2, 3, 0], [0, 1, 0, 0, 0, 1, 0, 0, 0, 2, 0], [0, 1, 0, 2, 2, 1, 1, 1, 0, 2, 0], [0, 1, 1, 1, 0, 2, 0, 1, 2, 4, 0], [0, 0, 0, 1, 0, 2, 0, 1, 0, 0, 0], [0, 1, 1, 1, 2, 2, 2, 1, 2, 2, 0], [0, 1, 0, 2, 0, 0, 0, 4, 0, 2, 0], [0, 1, 0, 2, 0, 1, 0, 1, 0, 2, 0], [0, 1, 0, 2, 0, 1, 1, 1, 0, 2, 0], [0, 2, 0, 2, 0, 1, 1, 1, 0, 2, 0], [0, 2, 0, 2, 0, 1, 0, 1, 0, 2, 0], [0, 2, 0, 2, 0, 0, 0, 1, 0, 2, 0], [0, 2, 2, 2, 2, 2, 2, 5, 2, 2, 0], [0, 0, 0, 2, 0, 2, 0, 2, 0, 0, 0], [0, 2, 2, 2, 0, 2, 0, 2, 2, 2, 0], [0, 2, 0, 2, 2, 2, 2, 2, 0, 2, 0], [0, 2, 0, 0, 0, 2, 0, 0, 0, 2, 0], [0, 3, 2, 2, 2, 2, 2, 2, 2, 2, 0], [0, 0, 0, 0, 0, 0, 0, 0, 0, 0, 0]]"
2026-05-25T15:51:30.243824,0,South,276.0,False,False,False,"[[0, 0, 0, 0, 0, 0, 0, 0, 0, 0, 0], [0, 1, 1, 1, 1, 1, 2, 2, 2, 3, 0], [0, 1, 0, 0, 0, 1, 0, 0, 0, 2, 0], [0, 1, 0, 2, 2, 1, 1, 1, 0, 2, 0], [0, 1, 1, 1, 0, 2, 0, 1, 4, 2, 0], [0, 0, 0, 1, 0, 2, 0, 1, 0, 0, 0], [0, 1, 1, 1, 2, 2, 2, 1, 2, 2, 0], [0, 1, 0, 2, 0, 0, 0, 1, 0, 2, 0], [0, 1, 0, 2, 0, 1, 0, 4, 0, 2, 0], [0, 1, 0, 2, 0, 1, 1, 1, 0, 2, 0], [0, 2, 0, 2, 0, 1, 1, 1, 0, 2, 0], [0, 2, 0, 2, 0, 1, 0, 1, 0, 2, 0], [0, 2, 0, 2, 0, 0, 0, 1, 0, 2, 0], [0, 2, 2, 2, 2, 2, 5, 1, 2, 2, 0], [0, 0, 0, 2, 0, 2, 0, 2, 0, 0, 0], [0, 2, 2, 2, 0, 2, 0, 2, 2, 2, 0], [0, 2, 0, 2, 2, 2, 2, 2, 0, 2, 0], [0, 2, 0, 0, 0, 2, 0, 0, 0, 2, 0], [0, 3, 2, 2, 2, 2, 2, 2, 2, 2, 0], [0, 0, 0, 0, 0, 0, 0, 0, 0, 0, 0]]"
2026-05-25T15:51:30.320394,0,East,285.0,False,False,False,"[[0, 0, 0, 0, 0, 0, 0, 0, 0, 0, 0], [0, 1, 1, 1, 1, 1, 2, 2, 2, 3, 0], [0, 1, 0, 0, 0, 1, 0, 0, 0, 2, 0], [0, 1, 0, 2, 2, 1, 1, 1, 0, 2, 0], [0, 1, 1, 1, 0, 2, 0, 4, 2, 2, 0], [0, 0, 0, 1, 0, 2, 0, 1, 0, 0, 0], [0, 1, 1, 1, 2, 2, 2, 1, 2, 2, 0], [0, 1, 0, 2, 0, 0, 0, 1, 0, 2, 0], [0, 1, 0, 2, 0, 1, 0, 1, 0, 2, 0], [0, 1, 0, 2, 0, 1, 1, 4, 0, 2, 0], [0, 2, 0, 2, 0, 1, 1, 1, 0, 2, 0], [0, 2, 0, 2, 0, 1, 0, 1, 0, 2, 0], [0, 2, 0, 2, 0, 0, 0, 1, 0, 2, 0], [0, 2, 2, 2, 2, 5, 1, 1, 2, 2, 0], [0, 0, 0, 2, 0, 2, 0, 2, 0, 0, 0], [0, 2, 2, 2, 0, 2, 0, 2, 2, 2, 0], [0, 2, 0, 2, 2, 2, 2, 2, 0, 2, 0], [0, 2, 0, 0, 0, 2, 0, 0, 0, 2, 0], [0, 3, 2, 2, 2, 2, 2, 2, 2, 2, 0], [0, 0, 0, 0, 0, 0, 0, 0, 0, 0, 0]]"
2026-05-25T15:51:30.397432,0,East,294.0,False,False,False,"[[0, 0, 0, 0, 0, 0, 0, 0, 0, 0, 0], [0, 1, 1, 1, 1, 1, 2, 2, 2, 3, 0], [0, 1, 0, 0, 0, 1, 0, 0, 0, 2, 0], [0, 1, 0, 2, 2, 1, 1, 1, 0, 2, 0], [0, 1, 1, 1, 0, 2, 0, 1, 2, 2, 0], [0, 0, 0, 1, 0, 2, 0, 4, 0, 0, 0], [0, 1, 1, 1, 2, 2, 2, 1, 2, 2, 0], [0, 1, 0, 2, 0, 0, 0, 1, 0, 2, 0], [0, 1, 0, 2, 0, 1, 0, 1, 0, 2, 0], [0, 1, 0, 2, 0, 1, 1, 1, 0, 2, 0], [0, 2, 0, 2, 0, 1, 1, 4, 0, 2, 0], [0, 2, 0, 2, 0, 1, 0, 1, 0, 2, 0], [0, 2, 0, 2, 0, 0, 0, 1, 0, 2, 0], [0, 2, 2, 2, 2, 1, 1, 1, 2, 2, 0], [0, 0, 0, 2, 0, 5, 0, 2, 0, 0, 0], [0, 2, 2, 2, 0, 2, 0, 2, 2, 2, 0], [0, 2, 0, 2, 2, 2, 2, 2, 0, 2, 0], [0, 2, 0, 0, 0, 2, 0, 0, 0, 2, 0], [0, 3, 2, 2, 2, 2, 2, 2, 2, 2, 0], [0, 0, 0, 0, 0, 0, 0, 0, 0, 0, 0]]"
2026-05-25T15:51:30.463493,0,East,303.0,False,False,False,"[[0, 0, 0, 0, 0, 0, 0, 0, 0, 0, 0], [0, 1, 1, 1, 1, 1, 2, 2, 2, 3, 0], [0, 1, 0, 0, 0, 1, 0, 0, 0, 2, 0], [0, 1, 0, 2, 2, 1, 1, 1, 0, 2, 0], [0, 1, 1, 1, 0, 2, 0, 1, 2, 2, 0], [0, 0, 0, 1, 0, 2, 0, 1, 0, 0, 0], [0, 1, 1, 1, 2, 2, 2, 4, 2, 2, 0], [0, 1, 0, 2, 0, 0, 0, 1, 0, 2, 0], [0, 1, 0, 2, 0, 1, 0, 1, 0, 2, 0], [0, 1, 0, 2, 0, 1, 1, 1, 0, 2, 0], [0, 2, 0, 2, 0, 1, 1, 1, 0, 2, 0], [0, 2, 0, 2, 0, 1, 0, 4, 0, 2, 0], [0, 2, 0, 2, 0, 0, 0, 1, 0, 2, 0], [0, 2, 2, 2, 2, 1, 1, 1, 2, 2, 0], [0, 0, 0, 2, 0, 1, 0, 2, 0, 0, 0], [0, 2, 2, 2, 0, 5, 0, 2, 2, 2, 0], [0, 2, 0, 2, 2, 2, 2, 2, 0, 2, 0], [0, 2, 0, 0, 0, 2, 0, 0, 0, 2, 0], [0, 3, 2, 2, 2, 2, 2, 2, 2, 2, 0], [0, 0, 0, 0, 0, 0, 0, 0, 0, 0, 0]]"
2026-05-25T15:51:30.507108,0,South,312.0,False,False,False,"[[0, 0, 0, 0, 0, 0, 0, 0, 0, 0, 0], [0, 1, 1, 1, 1, 1, 2, 2, 2, 3, 0], [0, 1, 0, 0, 0, 1, 0, 0, 0, 2, 0], [0, 1, 0, 2, 2, 1, 1, 1, 0, 2, 0], [0, 1, 1, 1, 0, 2, 0, 1, 2, 2, 0], [0, 0, 0, 1, 0, 2, 0, 1, 0, 0, 0], [0, 1, 1, 1, 2, 2, 2, 1, 2, 2, 0], [0, 1, 0, 2, 0, 0, 0, 4, 0, 2, 0], [0, 1, 0, 2, 0, 1, 0, 1, 0, 2, 0], [0, 1, 0, 2, 0, 1, 1, 1, 0, 2, 0], [0, 2, 0, 2, 0, 1, 1, 1, 0, 2, 0], [0, 2, 0, 2, 0, 1, 0, 1, 0, 2, 0], [0, 2, 0, 2, 0, 0, 0, 4, 0, 2, 0], [0, 2, 2, 2, 2, 1, 1, 1, 2, 2, 0], [0, 0, 0, 2, 0, 1, 0, 2, 0, 0, 0], [0, 2, 2, 2, 0, 1, 0, 2, 2, 2, 0], [0, 2, 0, 2, 2, 5, 2, 2, 0, 2, 0], [0, 2, 0, 0, 0, 2, 0, 0, 0, 2, 0], [0, 3, 2, 2, 2, 2, 2, 2, 2, 2, 0], [0, 0, 0, 0, 0, 0, 0, 0, 0, 0, 0]]"
2026-05-25T15:51:30.542757,0,South,321.0,False,False,False,"[[0, 0, 0, 0, 0, 0, 0, 0, 0, 0, 0], [0, 1, 1, 1, 1, 1, 2, 2, 2, 3, 0], [0, 1, 0, 0, 0, 1, 0, 0, 0, 2, 0], [0, 1, 0, 2, 2, 1, 1, 1, 0, 2, 0], [0, 1, 1, 1, 0, 2, 0, 1, 2, 2, 0], [0, 0, 0, 1, 0, 2, 0, 1, 0, 0, 0], [0, 1, 1, 1, 2, 2, 2, 1, 2, 2, 0], [0, 1, 0, 2, 0, 0, 0, 1, 0, 2, 0], [0, 1, 0, 2, 0, 1, 0, 4, 0, 2, 0], [0, 1, 0, 2, 0, 1, 1, 1, 0, 2, 0], [0, 2, 0, 2, 0, 1, 1, 1, 0, 2, 0], [0, 2, 0, 2, 0, 1, 0, 1, 0, 2, 0], [0, 2, 0, 2, 0, 0, 0, 1, 0, 2, 0], [0, 2, 2, 2, 2, 1, 1, 4, 2, 2, 0], [0, 0, 0, 2, 0, 1, 0, 2, 0, 0, 0], [0, 2, 2, 2, 0, 1, 0, 2, 2, 2, 0], [0, 2, 0, 2, 5, 1, 2, 2, 0, 2, 0], [0, 2, 0, 0, 0, 2, 0, 0, 0, 2, 0], [0, 3, 2, 2, 2, 2, 2, 2, 2, 2, 0], [0, 0, 0, 0, 0, 0, 0, 0, 0, 0, 0]]"
2026-05-25T15:51:30.579747,0,West,330.0,False,False,False,"[[0, 0, 0, 0, 0, 0, 0, 0, 0, 0, 0], [0, 1, 1, 1, 1, 1, 2, 2, 2, 3, 0], [0, 1, 0, 0, 0, 1, 0, 0, 0, 2, 0], [0, 1, 0, 2, 2, 1, 1, 1, 0, 2, 0], [0, 1, 1, 1, 0, 2, 0, 1, 2, 2, 0], [0, 0, 0, 1, 0, 2, 0, 1, 0, 0, 0], [0, 1, 1, 1, 2, 2, 2, 1, 2, 2, 0], [0, 1, 0, 2, 0, 0, 0, 1, 0, 2, 0], [0, 1, 0, 2, 0, 1, 0, 1, 0, 2, 0], [0, 1, 0, 2, 0, 1, 1, 4, 0, 2, 0], [0, 2, 0, 2, 0, 1, 1, 1, 0, 2, 0], [0, 2, 0, 2, 0, 1, 0, 1, 0, 2, 0], [0, 2, 0, 2, 0, 0, 0, 1, 0, 2, 0], [0, 2, 2, 2, 2, 1, 4, 1, 2, 2, 0], [0, 0, 0, 2, 0, 1, 0, 2, 0, 0, 0], [0, 2, 2, 2, 0, 1, 0, 2, 2, 2, 0], [0, 2, 0, 5, 1, 1, 2, 2, 0, 2, 0], [0, 2, 0, 0, 0, 2, 0, 0, 0, 2, 0], [0, 3, 2, 2, 2, 2, 2, 2, 2, 2, 0], [0, 0, 0, 0, 0, 0, 0, 0, 0, 0, 0]]"
2026-05-25T15:51:30.673321,0,South,339.0,False,False,False,"[[0, 0, 0, 0, 0, 0, 0, 0, 0, 0, 0], [0, 1, 1, 1, 1, 1, 2, 2, 2, 3, 0], [0, 1, 0, 0, 0, 1, 0, 0, 0, 2, 0], [0, 1, 0, 2, 2, 1, 1, 1, 0, 2, 0], [0, 1, 1, 1, 0, 2, 0, 1, 2, 2, 0], [0, 0, 0, 1, 0, 2, 0, 1, 0, 0, 0], [0, 1, 1, 1, 2, 2, 2, 1, 2, 2, 0], [0, 1, 0, 2, 0, 0, 0, 1, 0, 2, 0], [0, 1, 0, 2, 0, 1, 0, 1, 0, 2, 0], [0, 1, 0, 2, 0, 1, 1, 1, 0, 2, 0], [0, 2, 0, 2, 0, 1, 1, 4, 0, 2, 0], [0, 2, 0, 2, 0, 1, 0, 1, 0, 2, 0], [0, 2, 0, 2, 0, 0, 0, 1, 0, 2, 0], [0, 2, 2, 2, 2, 4, 1, 1, 2, 2, 0], [0, 0, 0, 2, 0, 1, 0, 2, 0, 0, 0], [0, 2, 2, 5, 0, 1, 0, 2, 2, 2, 0], [0, 2, 0, 1, 1, 1, 2, 2, 0, 2, 0], [0, 2, 0, 0, 0, 2, 0, 0, 0, 2, 0], [0, 3, 2, 2, 2, 2, 2, 2, 2, 2, 0], [0, 0, 0, 0, 0, 0, 0, 0, 0, 0, 0]]"
2026-05-25T15:51:30.707219,0,South,348.0,False,False,False,"[[0, 0, 0, 0, 0, 0, 0, 0, 0, 0, 0], [0, 1, 1, 1, 1, 1, 2, 2, 2, 3, 0], [0, 1, 0, 0, 0, 1, 0, 0, 0, 2, 0], [0, 1, 0, 2, 2, 1, 1, 1, 0, 2, 0], [0, 1, 1, 1, 0, 2, 0, 1, 2, 2, 0], [0, 0, 0, 1, 0, 2, 0, 1, 0, 0, 0], [0, 1, 1, 1, 2, 2, 2, 1, 2, 2, 0], [0, 1, 0, 2, 0, 0, 0, 1, 0, 2, 0], [0, 1, 0, 2, 0, 1, 0, 1, 0, 2, 0], [0, 1, 0, 2, 0, 1, 1, 1, 0, 2, 0], [0, 2, 0, 2, 0, 1, 1, 1, 0, 2, 0], [0, 2, 0, 2, 0, 1, 0, 4, 0, 2, 0], [0, 2, 0, 2, 0, 0, 0, 1, 0, 2, 0], [0, 2, 2, 2, 2, 1, 1, 1, 2, 2, 0], [0, 0, 0, 2, 0, 4, 0, 2, 0, 0, 0], [0, 2, 5, 1, 0, 1, 0, 2, 2, 2, 0], [0, 2, 0, 1, 1, 1, 2, 2, 0, 2, 0], [0, 2, 0, 0, 0, 2, 0, 0, 0, 2, 0], [0, 3, 2, 2, 2, 2, 2, 2, 2, 2, 0], [0, 0, 0, 0, 0, 0, 0, 0, 0, 0, 0]]"
2026-05-25T15:51:30.737132,0,East,357.0,False,False,False,"[[0, 0, 0, 0, 0, 0, 0, 0, 0, 0, 0], [0, 1, 1, 1, 1, 1, 2, 2, 2, 3, 0], [0, 1, 0, 0, 0, 1, 0, 0, 0, 2, 0], [0, 1, 0, 2, 2, 1, 1, 1, 0, 2, 0], [0, 1, 1, 1, 0, 2, 0, 1, 2, 2, 0], [0, 0, 0, 1, 0, 2, 0, 1, 0, 0, 0], [0, 1, 1, 1, 2, 2, 2, 1, 2, 2, 0], [0, 1, 0, 2, 0, 0, 0, 1, 0, 2, 0], [0, 1, 0, 2, 0, 1, 0, 1, 0, 2, 0], [0, 1, 0, 2, 0, 1, 1, 1, 0, 2, 0], [0, 2, 0, 2, 0, 1, 1, 1, 0, 2, 0], [0, 2, 0, 2, 0, 1, 0, 1, 0, 2, 0], [0, 2, 0, 2, 0, 0, 0, 4, 0, 2, 0], [0, 2, 2, 2, 2, 1, 1, 1, 2, 2, 0], [0, 0, 0, 2, 0, 1, 0, 2, 0, 0, 0], [0, 5, 1, 1, 0, 4, 0, 2, 2, 2, 0], [0, 2, 0, 1, 1, 1, 2, 2, 0, 2, 0], [0, 2, 0, 0, 0, 2, 0, 0, 0, 2, 0], [0, 3, 2, 2, 2, 2, 2, 2, 2, 2, 0], [0, 0, 0, 0, 0, 0, 0, 0, 0, 0, 0]]"
2026-05-25T15:51:30.798109,0,East,366.0,False,False,False,"[[0, 0, 0, 0, 0, 0, 0, 0, 0, 0, 0], [0, 1, 1, 1, 1, 1, 2, 2, 2, 3, 0], [0, 1, 0, 0, 0, 1, 0, 0, 0, 2, 0], [0, 1, 0, 2, 2, 1, 1, 1, 0, 2, 0], [0, 1, 1, 1, 0, 2, 0, 1, 2, 2, 0], [0, 0, 0, 1, 0, 2, 0, 1, 0, 0, 0], [0, 1, 1, 1, 2, 2, 2, 1, 2, 2, 0], [0, 1, 0, 2, 0, 0, 0, 1, 0, 2, 0], [0, 1, 0, 2, 0, 1, 0, 1, 0, 2, 0], [0, 1, 0, 2, 0, 1, 1, 1, 0, 2, 0], [0, 2, 0, 2, 0, 1, 1, 1, 0, 2, 0], [0, 2, 0, 2, 0, 1, 0, 1, 0, 2, 0], [0, 2, 0, 2, 0, 0, 0, 1, 0, 2, 0], [0, 2, 2, 2, 2, 1, 1, 4, 2, 2, 0], [0, 0, 0, 2, 0, 1, 0, 2, 0, 0, 0], [0, 1, 1, 1, 0, 1, 0, 2, 2, 2, 0], [0, 5, 0, 1, 1, 4, 2, 2, 0, 2, 0], [0, 2, 0, 0, 0, 2, 0, 0, 0, 2, 0], [0, 3, 2, 2, 2, 2, 2, 2, 2, 2, 0], [0, 0, 0, 0, 0, 0, 0, 0, 0, 0, 0]]"
2026-05-25T15:51:30.812311,0,East,375.0,False,False,False,"[[0, 0, 0, 0, 0, 0, 0, 0, 0, 0, 0], [0, 1, 1, 1, 1, 1, 2, 2, 2, 3, 0], [0, 1, 0, 0, 0, 1, 0, 0, 0, 2, 0], [0, 1, 0, 2, 2, 1, 1, 1, 0, 2, 0], [0, 1, 1, 1, 0, 2, 0, 1, 2, 2, 0], [0, 0, 0, 1, 0, 2, 0, 1, 0, 0, 0], [0, 1, 1, 1, 2, 2, 2, 1, 2, 2, 0], [0, 1, 0, 2, 0, 0, 0, 1, 0, 2, 0], [0, 1, 0, 2, 0, 1, 0, 1, 0, 2, 0], [0, 1, 0, 2, 0, 1, 1, 1, 0, 2, 0], [0, 2, 0, 2, 0, 1, 1, 1, 0, 2, 0], [0, 2, 0, 2, 0, 1, 0, 1, 0, 2, 0], [0, 2, 0, 2, 0, 0, 0, 1, 0, 2, 0], [0, 2, 2, 2, 2, 1, 4, 1, 2, 2, 0], [0, 0, 0, 2, 0, 1, 0, 2, 0, 0, 0], [0, 1, 1, 1, 0, 1, 0, 2, 2, 2, 0], [0, 1, 0, 1, 1, 1, 2, 2, 0, 2, 0], [0, 5, 0, 0, 0, 4, 0, 0, 0, 2, 0], [0, 3, 2, 2, 2, 2, 2, 2, 2, 2, 0], [0, 0, 0, 0, 0, 0, 0, 0, 0, 0, 0]]"
2026-05-25T15:51:30.829689,0,North,374.0,False,False,False,"[[0, 0, 0, 0, 0, 0, 0, 0, 0, 0, 0], [0, 1, 1, 1, 1, 1, 2, 2, 2, 3, 0], [0, 1, 0, 0, 0, 1, 0, 0, 0, 2, 0], [0, 1, 0, 2, 2, 1, 1, 1, 0, 2, 0], [0, 1, 1, 1, 0, 2, 0, 1, 2, 2, 0], [0, 0, 0, 1, 0, 2, 0, 1, 0, 0, 0], [0, 1, 1, 1, 2, 2, 2, 1, 2, 2, 0], [0, 1, 0, 2, 0, 0, 0, 1, 0, 2, 0], [0, 1, 0, 2, 0, 1, 0, 1, 0, 2, 0], [0, 1, 0, 2, 0, 1, 1, 1, 0, 2, 0], [0, 2, 0, 2, 0, 1, 1, 1, 0, 2, 0], [0, 2, 0, 2, 0, 1, 0, 1, 0, 2, 0], [0, 2, 0, 2, 0, 0, 0, 1, 0, 2, 0], [0, 2, 2, 2, 2, 4, 1, 1, 2, 2, 0], [0, 0, 0, 2, 0, 1, 0, 2, 0, 0, 0], [0, 1, 1, 1, 0, 1, 0, 2, 2, 2, 0], [0, 1, 0, 1, 1, 1, 2, 2, 0, 2, 0], [0, 1, 0, 0, 0, 4, 0, 0, 0, 2, 0], [0, 5, 2, 2, 2, 2, 2, 2, 2, 2, 0], [0, 0, 0, 0, 0, 0, 0, 0, 0, 0, 0]]"
2026-05-25T15:51:30.845312,0,North,383.0,False,False,False,"[[0, 0, 0, 0, 0, 0, 0, 0, 0, 0, 0], [0, 1, 1, 1, 1, 1, 2, 2, 2, 3, 0], [0, 1, 0, 0, 0, 1, 0, 0, 0, 2, 0], [0, 1, 0, 2, 2, 1, 1, 1, 0, 2, 0], [0, 1, 1, 1, 0, 2, 0, 1, 2, 2, 0], [0, 0, 0, 1, 0, 2, 0, 1, 0, 0, 0], [0, 1, 1, 1, 2, 2, 2, 1, 2, 2, 0], [0, 1, 0, 2, 0, 0, 0, 1, 0, 2, 0], [0, 1, 0, 2, 0, 1, 0, 1, 0, 2, 0], [0, 1, 0, 2, 0, 1, 1, 1, 0, 2, 0], [0, 2, 0, 2, 0, 1, 1, 1, 0, 2, 0], [0, 2, 0, 2, 0, 1, 0, 1, 0, 2, 0], [0, 2, 0, 2, 0, 0, 0, 1, 0, 2, 0], [0, 2, 2, 2, 2, 4, 1, 1, 2, 2, 0], [0, 0, 0, 2, 0, 1, 0, 2, 0, 0, 0], [0, 1, 1, 1, 0, 1, 0, 2, 2, 2, 0], [0, 1, 0, 1, 1, 1, 2, 2, 0, 2, 0], [0, 1, 0, 0, 0, 2, 0, 0, 0, 2, 0], [0, 1, 5, 2, 2, 4, 2, 2, 2, 2, 0], [0, 0, 0, 0, 0, 0, 0, 0, 0, 0, 0]]"
2026-05-25T15:51:30.854323,0,North,392.0,False,False,False,"[[0, 0, 0, 0, 0, 0, 0, 0, 0, 0, 0], [0, 1, 1, 1, 1, 1, 2, 2, 2, 3, 0], [0, 1, 0, 0, 0, 1, 0, 0, 0, 2, 0], [0, 1, 0, 2, 2, 1, 1, 1, 0, 2, 0], [0, 1, 1, 1, 0, 2, 0, 1, 2, 2, 0], [0, 0, 0, 1, 0, 2, 0, 1, 0, 0, 0], [0, 1, 1, 1, 2, 2, 2, 1, 2, 2, 0], [0, 1, 0, 2, 0, 0, 0, 1, 0, 2, 0], [0, 1, 0, 2, 0, 1, 0, 1, 0, 2, 0], [0, 1, 0, 2, 0, 1, 1, 1, 0, 2, 0], [0, 2, 0, 2, 0, 1, 1, 1, 0, 2, 0], [0, 2, 0, 2, 0, 1, 0, 1, 0, 2, 0], [0, 2, 0, 2, 0, 0, 0, 1, 0, 2, 0], [0, 2, 2, 2, 2, 4, 1, 1, 2, 2, 0], [0, 0, 0, 2, 0, 1, 0, 2, 0, 0, 0], [0, 1, 1, 1, 0, 1, 0, 2, 2, 2, 0], [0, 1, 0, 1, 1, 1, 2, 2, 0, 2, 0], [0, 1, 0, 0, 0, 2, 0, 0, 0, 2, 0], [0, 1, 1, 5, 2, 4, 2, 2, 2, 2, 0], [0, 0, 0, 0, 0, 0, 0, 0, 0, 0, 0]]"
2026-05-25T15:51:30.865057,0,North,401.0,False,False,False,"[[0, 0, 0, 0, 0, 0, 0, 0, 0, 0, 0], [0, 1, 1, 1, 1, 1, 2, 2, 2, 3, 0], [0, 1, 0, 0, 0, 1, 0, 0, 0, 2, 0], [0, 1, 0, 2, 2, 1, 1, 1, 0, 2, 0], [0, 1, 1, 1, 0, 2, 0, 1, 2, 2, 0], [0, 0, 0, 1, 0, 2, 0, 1, 0, 0, 0], [0, 1, 1, 1, 2, 2, 2, 1, 2, 2, 0], [0, 1, 0, 2, 0, 0, 0, 1, 0, 2, 0], [0, 1, 0, 2, 0, 1, 0, 1, 0, 2, 0], [0, 1, 0, 2, 0, 1, 1, 1, 0, 2, 0], [0, 2, 0, 2, 0, 1, 1, 1, 0, 2, 0], [0, 2, 0, 2, 0, 1, 0, 1, 0, 2, 0], [0, 2, 0, 2, 0, 0, 0, 1, 0, 2, 0], [0, 2, 2, 2, 2, 1, 1, 1, 2, 2, 0], [0, 0, 0, 2, 0, 4, 0, 2, 0, 0, 0], [0, 1, 1, 1, 0, 1, 0, 2, 2, 2, 0], [0, 1, 0, 1, 1, 1, 2, 2, 0, 2, 0], [0, 1, 0, 0, 0, 2, 0, 0, 0, 2, 0], [0, 1, 1, 1, 5, 2, 4, 2, 2, 2, 0], [0, 0, 0, 0, 0, 0, 0, 0, 0, 0, 0]]"
2026-05-25T15:51:30.881350,0,North,410.0,False,False,False,"[[0, 0, 0, 0, 0, 0, 0, 0, 0, 0, 0], [0, 1, 1, 1, 1, 1, 2, 2, 2, 3, 0], [0, 1, 0, 0, 0, 1, 0, 0, 0, 2, 0], [0, 1, 0, 2, 2, 1, 1, 1, 0, 2, 0], [0, 1, 1, 1, 0, 2, 0, 1, 2, 2, 0], [0, 0, 0, 1, 0, 2, 0, 1, 0, 0, 0], [0, 1, 1, 1, 2, 2, 2, 1, 2, 2, 0], [0, 1, 0, 2, 0, 0, 0, 1, 0, 2, 0], [0, 1, 0, 2, 0, 1, 0, 1, 0, 2, 0], [0, 1, 0, 2, 0, 1, 1, 1, 0, 2, 0], [0, 2, 0, 2, 0, 1, 1, 1, 0, 2, 0], [0, 2, 0, 2, 0, 1, 0, 1, 0, 2, 0], [0, 2, 0, 2, 0, 0, 0, 1, 0, 2, 0], [0, 2, 2, 2, 2, 1, 1, 1, 2, 2, 0], [0, 0, 0, 2, 0, 4, 0, 2, 0, 0, 0], [0, 1, 1, 1, 0, 1, 0, 2, 2, 2, 0], [0, 1, 0, 1, 1, 1, 2, 2, 0, 2, 0], [0, 1, 0, 0, 0, 2, 0, 0, 0, 2, 0], [0, 1, 1, 1, 1, 5, 4, 2, 2, 2, 0], [0, 0, 0, 0, 0, 0, 0, 0, 0, 0, 0]]"
2026-05-25T15:51:30.929320,0,South,619.0,False,False,False,"[[0, 0, 0, 0, 0, 0, 0, 0, 0, 0, 0], [0, 1, 1, 1, 1, 1, 2, 2, 2, 3, 0], [0, 1, 0, 0, 0, 1, 0, 0, 0, 2, 0], [0, 1, 0, 2, 2, 1, 1, 1, 0, 2, 0], [0, 1, 1, 1, 0, 2, 0, 1, 2, 2, 0], [0, 0, 0, 1, 0, 2, 0, 1, 0, 0, 0], [0, 1, 1, 1, 2, 2, 2, 1, 2, 2, 0], [0, 1, 0, 2, 0, 0, 0, 1, 0, 2, 0], [0, 1, 0, 2, 0, 1, 0, 1, 0, 2, 0], [0, 1, 0, 2, 0, 4, 1, 1, 0, 2, 0], [0, 2, 0, 2, 0, 1, 1, 1, 0, 2, 0], [0, 2, 0, 2, 0, 1, 0, 1, 0, 2, 0], [0, 2, 0, 2, 0, 0, 0, 1, 0, 2, 0], [0, 2, 2, 2, 2, 1, 1, 1, 2, 2, 0], [0, 0, 0, 2, 0, 1, 0, 2, 0, 0, 0], [0, 1, 1, 1, 0, 4, 0, 2, 2, 2, 0], [0, 1, 0, 1, 1, 1, 2, 2, 0, 2, 0], [0, 1, 0, 0, 0, 2, 0, 0, 0, 2, 0], [0, 1, 1, 1, 1, 1, 5, 2, 2, 2, 0], [0, 0, 0, 0, 0, 0, 0, 0, 0, 0, 0]]"
2026-05-25T15:51:30.952223,0,West,618.0,False,False,False,"[[0, 0, 0, 0, 0, 0, 0, 0, 0, 0, 0], [0, 1, 1, 1, 1, 1, 2, 2, 2, 3, 0], [0, 1, 0, 0, 0, 1, 0, 0, 0, 2, 0], [0, 1, 0, 2, 2, 1, 1, 1, 0, 2, 0], [0, 1, 1, 1, 0, 2, 0, 1, 2, 2, 0], [0, 0, 0, 1, 0, 2, 0, 1, 0, 0, 0], [0, 1, 1, 1, 2, 2, 2, 1, 2, 2, 0], [0, 1, 0, 2, 0, 0, 0, 1, 0, 2, 0], [0, 1, 0, 2, 0, 1, 0, 1, 0, 2, 0], [0, 1, 0, 2, 0, 1, 4, 1, 0, 2, 0], [0, 2, 0, 2, 0, 1, 1, 1, 0, 2, 0], [0, 2, 0, 2, 0, 1, 0, 1, 0, 2, 0], [0, 2, 0, 2, 0, 0, 0, 1, 0, 2, 0], [0, 2, 2, 2, 2, 1, 1, 1, 2, 2, 0], [0, 0, 0, 2, 0, 1, 0, 2, 0, 0, 0], [0, 1, 1, 1, 0, 4, 0, 2, 2, 2, 0], [0, 1, 0, 1, 1, 1, 2, 2, 0, 2, 0], [0, 1, 0, 0, 0, 2, 0, 0, 0, 2, 0], [0, 1, 1, 1, 1, 5, 1, 2, 2, 2, 0], [0, 0, 0, 0, 0, 0, 0, 0, 0, 0, 0]]"
2026-05-25T15:51:30.994320,0,West,627.0,False,False,False,"[[0, 0, 0, 0, 0, 0, 0, 0, 0, 0, 0], [0, 1, 1, 1, 1, 1, 2, 2, 2, 3, 0], [0, 1, 0, 0, 0, 1, 0, 0, 0, 2, 0], [0, 1, 0, 2, 2, 1, 1, 1, 0, 2, 0], [0, 1, 1, 1, 0, 2, 0, 1, 2, 2, 0], [0, 0, 0, 1, 0, 2, 0, 1, 0, 0, 0], [0, 1, 1, 1, 2, 2, 2, 1, 2, 2, 0], [0, 1, 0, 2, 0, 0, 0, 1, 0, 2, 0], [0, 1, 0, 2, 0, 1, 0, 1, 0, 2, 0], [0, 1, 0, 2, 0, 1, 1, 1, 0, 2, 0], [0, 2, 0, 2, 0, 1, 4, 1, 0, 2, 0], [0, 2, 0, 2, 0, 1, 0, 1, 0, 2, 0], [0, 2, 0, 2, 0, 0, 0, 1, 0, 2, 0], [0, 2, 2, 2, 2, 1, 1, 1, 2, 2, 0], [0, 0, 0, 2, 0, 1, 0, 2, 0, 0, 0], [0, 1, 1, 1, 0, 1, 0, 2, 2, 2, 0], [0, 1, 0, 1, 1, 4, 2, 2, 0, 2, 0], [0, 1, 0, 0, 0, 5, 0, 0, 0, 2, 0], [0, 1, 1, 1, 1, 1, 1, 2, 2, 2, 0], [0, 0, 0, 0, 0, 0, 0, 0, 0, 0, 0]]"
2026-05-25T15:51:31.106179,0,North,826.0,False,False,False,"[[0, 0, 0, 0, 0, 0, 0, 0, 0, 0, 0], [0, 1, 1, 1, 1, 1, 2, 2, 2, 3, 0], [0, 1, 0, 0, 0, 1, 0, 0, 0, 2, 0], [0, 1, 0, 2, 2, 1, 1, 1, 0, 2, 0], [0, 1, 1, 1, 0, 2, 0, 1, 2, 2, 0], [0, 0, 0, 1, 0, 2, 0, 1, 0, 0, 0], [0, 1, 1, 1, 2, 2, 2, 1, 2, 2, 0], [0, 1, 0, 2, 0, 0, 0, 1, 0, 2, 0], [0, 1, 0, 2, 0, 1, 0, 1, 0, 2, 0], [0, 1, 0, 2, 0, 1, 1, 1, 0, 2, 0], [0, 2, 0, 2, 0, 4, 1, 1, 0, 2, 0], [0, 2, 0, 2, 0, 1, 0, 1, 0, 2, 0], [0, 2, 0, 2, 0, 0, 0, 1, 0, 2, 0], [0, 2, 2, 2, 2, 1, 1, 1, 2, 2, 0], [0, 0, 0, 2, 0, 1, 0, 2, 0, 0, 0], [0, 1, 1, 1, 0, 1, 0, 2, 2, 2, 0], [0, 1, 0, 1, 1, 5, 2, 2, 0, 2, 0], [0, 1, 0, 0, 0, 1, 0, 0, 0, 2, 0], [0, 1, 1, 1, 1, 1, 1, 2, 2, 2, 0], [0, 0, 0, 0, 0, 0, 0, 0, 0, 0, 0]]"
2026-05-25T15:51:31.175842,0,North,835.0,False,False,False,"[[0, 0, 0, 0, 0, 0, 0, 0, 0, 0, 0], [0, 1, 1, 1, 1, 1, 2, 2, 2, 3, 0], [0, 1, 0, 0, 0, 1, 0, 0, 0, 2, 0], [0, 1, 0, 2, 2, 1, 1, 1, 0, 2, 0], [0, 1, 1, 1, 0, 2, 0, 1, 2, 2, 0], [0, 0, 0, 1, 0, 2, 0, 1, 0, 0, 0], [0, 1, 1, 1, 2, 2, 2, 1, 2, 2, 0], [0, 1, 0, 2, 0, 0, 0, 1, 0, 2, 0], [0, 1, 0, 2, 0, 1, 0, 1, 0, 2, 0], [0, 1, 0, 2, 0, 4, 1, 1, 0, 2, 0], [0, 2, 0, 2, 0, 1, 4, 1, 0, 2, 0], [0, 2, 0, 2, 0, 1, 0, 1, 0, 2, 0], [0, 2, 0, 2, 0, 0, 0, 1, 0, 2, 0], [0, 2, 2, 2, 2, 1, 1, 1, 2, 2, 0], [0, 0, 0, 2, 0, 1, 0, 2, 0, 0, 0], [0, 1, 1, 1, 0, 1, 0, 2, 2, 2, 0], [0, 1, 0, 1, 1, 1, 5, 2, 0, 2, 0], [0, 1, 0, 0, 0, 1, 0, 0, 0, 2, 0], [0, 1, 1, 1, 1, 1, 1, 2, 2, 2, 0], [0, 0, 0, 0, 0, 0, 0, 0, 0, 0, 0]]"
2026-05-25T15:51:31.210619,0,West,844.0,False,False,False,"[[0, 0, 0, 0, 0, 0, 0, 0, 0, 0, 0], [0, 1, 1, 1, 1, 1, 2, 2, 2, 3, 0], [0, 1, 0, 0, 0, 1, 0, 0, 0, 2, 0], [0, 1, 0, 2, 2, 1, 1, 1, 0, 2, 0], [0, 1, 1, 1, 0, 2, 0, 1, 2, 2, 0], [0, 0, 0, 1, 0, 2, 0, 1, 0, 0, 0], [0, 1, 1, 1, 2, 2, 2, 1, 2, 2, 0], [0, 1, 0, 2, 0, 0, 0, 1, 0, 2, 0], [0, 1, 0, 2, 0, 4, 0, 1, 0, 2, 0], [0, 1, 0, 2, 0, 1, 1, 1, 0, 2, 0], [0, 2, 0, 2, 0, 1, 1, 4, 0, 2, 0], [0, 2, 0, 2, 0, 1, 0, 1, 0, 2, 0], [0, 2, 0, 2, 0, 0, 0, 1, 0, 2, 0], [0, 2, 2, 2, 2, 1, 1, 1, 2, 2, 0], [0, 0, 0, 2, 0, 1, 0, 2, 0, 0, 0], [0, 1, 1, 1, 0, 1, 0, 2, 2, 2, 0], [0, 1, 0, 1, 1, 1, 1, 5, 0, 2, 0], [0, 1, 0, 0, 0, 1, 0, 0, 0, 2, 0], [0, 1, 1, 1, 1, 1, 1, 2, 2, 2, 0], [0, 0, 0, 0, 0, 0, 0, 0, 0, 0, 0]]"
2026-05-25T15:51:31.268030,0,North,853.0,False,False,False,"[[0, 0, 0, 0, 0, 0, 0, 0, 0, 0, 0], [0, 1, 1, 1, 1, 1, 2, 2, 2, 3, 0], [0, 1, 0, 0, 0, 1, 0, 0, 0, 2, 0], [0, 1, 0, 2, 2, 1, 1, 1, 0, 2, 0], [0, 1, 1, 1, 0, 2, 0, 1, 2, 2, 0], [0, 0, 0, 1, 0, 2, 0, 1, 0, 0, 0], [0, 1, 1, 1, 2, 2, 2, 1, 2, 2, 0], [0, 1, 0, 2, 0, 0, 0, 1, 0, 2, 0], [0, 1, 0, 2, 0, 1, 0, 1, 0, 2, 0], [0, 1, 0, 2, 0, 4, 1, 1, 0, 2, 0], [0, 2, 0, 2, 0, 1, 1, 1, 0, 2, 0], [0, 2, 0, 2, 0, 1, 0, 4, 0, 2, 0], [0, 2, 0, 2, 0, 0, 0, 1, 0, 2, 0], [0, 2, 2, 2, 2, 1, 1, 1, 2, 2, 0], [0, 0, 0, 2, 0, 1, 0, 2, 0, 0, 0], [0, 1, 1, 1, 0, 1, 0, 5, 2, 2, 0], [0, 1, 0, 1, 1, 1, 1, 1, 0, 2, 0], [0, 1, 0, 0, 0, 1, 0, 0, 0, 2, 0], [0, 1, 1, 1, 1, 1, 1, 2, 2, 2, 0], [0, 0, 0, 0, 0, 0, 0, 0, 0, 0, 0]]"
2026-05-25T15:51:31.315072,0,North,862.0,False,False,False,"[[0, 0, 0, 0, 0, 0, 0, 0, 0, 0, 0], [0, 1, 1, 1, 1, 1, 2, 2, 2, 3, 0], [0, 1, 0, 0, 0, 1, 0, 0, 0, 2, 0], [0, 1, 0, 2, 2, 1, 1, 1, 0, 2, 0], [0, 1, 1, 1, 0, 2, 0, 1, 2, 2, 0], [0, 0, 0, 1, 0, 2, 0, 1, 0, 0, 0], [0, 1, 1, 1, 2, 2, 2, 1, 2, 2, 0], [0, 1, 0, 2, 0, 0, 0, 1, 0, 2, 0], [0, 1, 0, 2, 0, 1, 0, 1, 0, 2, 0], [0, 1, 0, 2, 0, 1, 4, 1, 0, 2, 0], [0, 2, 0, 2, 0, 1, 1, 1, 0, 2, 0], [0, 2, 0, 2, 0, 1, 0, 1, 0, 2, 0], [0, 2, 0, 2, 0, 0, 0, 4, 0, 2, 0], [0, 2, 2, 2, 2, 1, 1, 1, 2, 2, 0], [0, 0, 0, 2, 0, 1, 0, 2, 0, 0, 0], [0, 1, 1, 1, 0, 1, 0, 1, 5, 2, 0], [0, 1, 0, 1, 1, 1, 1, 1, 0, 2, 0], [0, 1, 0, 0, 0, 1, 0, 0, 0, 2, 0], [0, 1, 1, 1, 1, 1, 1, 2, 2, 2, 0], [0, 0, 0, 0, 0, 0, 0, 0, 0, 0, 0]]"
2026-05-25T15:51:31.365129,0,East,871.0,False,False,False,"[[0, 0, 0, 0, 0, 0, 0, 0, 0, 0, 0], [0, 1, 1, 1, 1, 1, 2, 2, 2, 3, 0], [0, 1, 0, 0, 0, 1, 0, 0, 0, 2, 0], [0, 1, 0, 2, 2, 1, 1, 1, 0, 2, 0], [0, 1, 1, 1, 0, 2, 0, 1, 2, 2, 0], [0, 0, 0, 1, 0, 2, 0, 1, 0, 0, 0], [0, 1, 1, 1, 2, 2, 2, 1, 2, 2, 0], [0, 1, 0, 2, 0, 0, 0, 1, 0, 2, 0], [0, 1, 0, 2, 0, 1, 0, 1, 0, 2, 0], [0, 1, 0, 2, 0, 1, 1, 4, 0, 2, 0], [0, 2, 0, 2, 0, 1, 1, 1, 0, 2, 0], [0, 2, 0, 2, 0, 1, 0, 1, 0, 2, 0], [0, 2, 0, 2, 0, 0, 0, 1, 0, 2, 0], [0, 2, 2, 2, 2, 1, 1, 4, 2, 2, 0], [0, 0, 0, 2, 0, 1, 0, 2, 0, 0, 0], [0, 1, 1, 1, 0, 1, 0, 1, 1, 5, 0], [0, 1, 0, 1, 1, 1, 1, 1, 0, 2, 0], [0, 1, 0, 0, 0, 1, 0, 0, 0, 2, 0], [0, 1, 1, 1, 1, 1, 1, 2, 2, 2, 0], [0, 0, 0, 0, 0, 0, 0, 0, 0, 0, 0]]"
2026-05-25T15:51:31.403698,0,East,880.0,False,False,False,"[[0, 0, 0, 0, 0, 0, 0, 0, 0, 0, 0], [0, 1, 1, 1, 1, 1, 2, 2, 2, 3, 0], [0, 1, 0, 0, 0, 1, 0, 0, 0, 2, 0], [0, 1, 0, 2, 2, 1, 1, 1, 0, 2, 0], [0, 1, 1, 1, 0, 2, 0, 1, 2, 2, 0], [0, 0, 0, 1, 0, 2, 0, 1, 0, 0, 0], [0, 1, 1, 1, 2, 2, 2, 1, 2, 2, 0], [0, 1, 0, 2, 0, 0, 0, 1, 0, 2, 0], [0, 1, 0, 2, 0, 1, 0, 1, 0, 2, 0], [0, 1, 0, 2, 0, 1, 1, 1, 0, 2, 0], [0, 2, 0, 2, 0, 1, 1, 4, 0, 2, 0], [0, 2, 0, 2, 0, 1, 0, 1, 0, 2, 0], [0, 2, 0, 2, 0, 0, 0, 1, 0, 2, 0], [0, 2, 2, 2, 2, 1, 1, 1, 2, 2, 0], [0, 0, 0, 2, 0, 1, 0, 4, 0, 0, 0], [0, 1, 1, 1, 0, 1, 0, 1, 1, 1, 0], [0, 1, 0, 1, 1, 1, 1, 1, 0, 5, 0], [0, 1, 0, 0, 0, 1, 0, 0, 0, 2, 0], [0, 1, 1, 1, 1, 1, 1, 2, 2, 2, 0], [0, 0, 0, 0, 0, 0, 0, 0, 0, 0, 0]]"
2026-05-25T15:51:31.427122,0,East,889.0,False,False,False,"[[0, 0, 0, 0, 0, 0, 0, 0, 0, 0, 0], [0, 1, 1, 1, 1, 1, 2, 2, 2, 3, 0], [0, 1, 0, 0, 0, 1, 0, 0, 0, 2, 0], [0, 1, 0, 2, 2, 1, 1, 1, 0, 2, 0], [0, 1, 1, 1, 0, 2, 0, 1, 2, 2, 0], [0, 0, 0, 1, 0, 2, 0, 1, 0, 0, 0], [0, 1, 1, 1, 2, 2, 2, 1, 2, 2, 0], [0, 1, 0, 2, 0, 0, 0, 1, 0, 2, 0], [0, 1, 0, 2, 0, 1, 0, 1, 0, 2, 0], [0, 1, 0, 2, 0, 1, 1, 1, 0, 2, 0], [0, 2, 0, 2, 0, 1, 1, 1, 0, 2, 0], [0, 2, 0, 2, 0, 1, 0, 4, 0, 2, 0], [0, 2, 0, 2, 0, 0, 0, 1, 0, 2, 0], [0, 2, 2, 2, 2, 1, 1, 1, 2, 2, 0], [0, 0, 0, 2, 0, 1, 0, 2, 0, 0, 0], [0, 1, 1, 1, 0, 1, 0, 4, 1, 1, 0], [0, 1, 0, 1, 1, 1, 1, 1, 0, 1, 0], [0, 1, 0, 0, 0, 1, 0, 0, 0, 5, 0], [0, 1, 1, 1, 1, 1, 1, 2, 2, 2, 0], [0, 0, 0, 0, 0, 0, 0, 0, 0, 0, 0]]"
2026-05-25T15:51:31.440654,0,South,898.0,False,False,False,"[[0, 0, 0, 0, 0, 0, 0, 0, 0, 0, 0], [0, 1, 1, 1, 1, 1, 2, 2, 2, 3, 0], [0, 1, 0, 0, 0, 1, 0, 0, 0, 2, 0], [0, 1, 0, 2, 2, 1, 1, 1, 0, 2, 0], [0, 1, 1, 1, 0, 2, 0, 1, 2, 2, 0], [0, 0, 0, 1, 0, 2, 0, 1, 0, 0, 0], [0, 1, 1, 1, 2, 2, 2, 1, 2, 2, 0], [0, 1, 0, 2, 0, 0, 0, 1, 0, 2, 0], [0, 1, 0, 2, 0, 1, 0, 1, 0, 2, 0], [0, 1, 0, 2, 0, 1, 1, 1, 0, 2, 0], [0, 2, 0, 2, 0, 1, 1, 1, 0, 2, 0], [0, 2, 0, 2, 0, 1, 0, 1, 0, 2, 0], [0, 2, 0, 2, 0, 0, 0, 4, 0, 2, 0], [0, 2, 2, 2, 2, 1, 1, 1, 2, 2, 0], [0, 0, 0, 2, 0, 1, 0, 2, 0, 0, 0], [0, 1, 1, 1, 0, 1, 0, 1, 4, 1, 0], [0, 1, 0, 1, 1, 1, 1, 1, 0, 1, 0], [0, 1, 0, 0, 0, 1, 0, 0, 0, 1, 0], [0, 1, 1, 1, 1, 1, 1, 2, 2, 5, 0], [0, 0, 0, 0, 0, 0, 0, 0, 0, 0, 0]]"
2026-05-25T15:51:31.459066,0,South,907.0,False,False,False,"[[0, 0, 0, 0, 0, 0, 0, 0, 0, 0, 0], [0, 1, 1, 1, 1, 1, 2, 2, 2, 3, 0], [0, 1, 0, 0, 0, 1, 0, 0, 0, 2, 0], [0, 1, 0, 2, 2, 1, 1, 1, 0, 2, 0], [0, 1, 1, 1, 0, 2, 0, 1, 2, 2, 0], [0, 0, 0, 1, 0, 2, 0, 1, 0, 0, 0], [0, 1, 1, 1, 2, 2, 2, 1, 2, 2, 0], [0, 1, 0, 2, 0, 0, 0, 1, 0, 2, 0], [0, 1, 0, 2, 0, 1, 0, 1, 0, 2, 0], [0, 1, 0, 2, 0, 1, 1, 1, 0, 2, 0], [0, 2, 0, 2, 0, 1, 1, 1, 0, 2, 0], [0, 2, 0, 2, 0, 1, 0, 1, 0, 2, 0], [0, 2, 0, 2, 0, 0, 0, 1, 0, 2, 0], [0, 2, 2, 2, 2, 1, 1, 4, 2, 2, 0], [0, 0, 0, 2, 0, 1, 0, 2, 0, 0, 0], [0, 1, 1, 1, 0, 1, 0, 1, 1, 4, 0], [0, 1, 0, 1, 1, 1, 1, 1, 0, 1, 0], [0, 1, 0, 0, 0, 1, 0, 0, 0, 1, 0], [0, 1, 1, 1, 1, 1, 1, 2, 5, 1, 0], [0, 0, 0, 0, 0, 0, 0, 0, 0, 0, 0]]"
2026-05-25T15:51:31.468562,0,South,916.0,False,False,False,"[[0, 0, 0, 0, 0, 0, 0, 0, 0, 0, 0], [0, 1, 1, 1, 1, 1, 2, 2, 2, 3, 0], [0, 1, 0, 0, 0, 1, 0, 0, 0, 2, 0], [0, 1, 0, 2, 2, 1, 1, 1, 0, 2, 0], [0, 1, 1, 1, 0, 2, 0, 1, 2, 2, 0], [0, 0, 0, 1, 0, 2, 0, 1, 0, 0, 0], [0, 1, 1, 1, 2, 2, 2, 1, 2, 2, 0], [0, 1, 0, 2, 0, 0, 0, 1, 0, 2, 0], [0, 1, 0, 2, 0, 1, 0, 1, 0, 2, 0], [0, 1, 0, 2, 0, 1, 1, 1, 0, 2, 0], [0, 2, 0, 2, 0, 1, 1, 1, 0, 2, 0], [0, 2, 0, 2, 0, 1, 0, 1, 0, 2, 0], [0, 2, 0, 2, 0, 0, 0, 1, 0, 2, 0], [0, 2, 2, 2, 2, 1, 1, 1, 2, 2, 0], [0, 0, 0, 2, 0, 1, 0, 4, 0, 0, 0], [0, 1, 1, 1, 0, 1, 0, 1, 1, 1, 0], [0, 1, 0, 1, 1, 1, 1, 1, 0, 4, 0], [0, 1, 0, 0, 0, 1, 0, 0, 0, 1, 0], [0, 1, 1, 1, 1, 1, 1, 5, 1, 1, 0], [0, 0, 0, 0, 0, 0, 0, 0, 0, 0, 0]]"
2026-05-25T15:51:31.480090,0,South,915.0,False,False,False,"[[0, 0, 0, 0, 0, 0, 0, 0, 0, 0, 0], [0, 1, 1, 1, 1, 1, 2, 2, 2, 3, 0], [0, 1, 0, 0, 0, 1, 0, 0, 0, 2, 0], [0, 1, 0, 2, 2, 1, 1, 1, 0, 2, 0], [0, 1, 1, 1, 0, 2, 0, 1, 2, 2, 0], [0, 0, 0, 1, 0, 2, 0, 1, 0, 0, 0], [0, 1, 1, 1, 2, 2, 2, 1, 2, 2, 0], [0, 1, 0, 2, 0, 0, 0, 1, 0, 2, 0], [0, 1, 0, 2, 0, 1, 0, 1, 0, 2, 0], [0, 1, 0, 2, 0, 1, 1, 1, 0, 2, 0], [0, 2, 0, 2, 0, 1, 1, 1, 0, 2, 0], [0, 2, 0, 2, 0, 1, 0, 1, 0, 2, 0], [0, 2, 0, 2, 0, 0, 0, 1, 0, 2, 0], [0, 2, 2, 2, 2, 1, 1, 1, 2, 2, 0], [0, 0, 0, 2, 0, 1, 0, 2, 0, 0, 0], [0, 1, 1, 1, 0, 1, 0, 4, 1, 1, 0], [0, 1, 0, 1, 1, 1, 1, 1, 0, 1, 0], [0, 1, 0, 0, 0, 1, 0, 0, 0, 4, 0], [0, 1, 1, 1, 1, 1, 5, 1, 1, 1, 0], [0, 0, 0, 0, 0, 0, 0, 0, 0, 0, 0]]"
2026-05-25T15:51:31.496053,0,South,914.0,False,False,False,"[[0, 0, 0, 0, 0, 0, 0, 0, 0, 0, 0], [0, 1, 1, 1, 1, 1, 2, 2, 2, 3, 0], [0, 1, 0, 0, 0, 1, 0, 0, 0, 2, 0], [0, 1, 0, 2, 2, 1, 1, 1, 0, 2, 0], [0, 1, 1, 1, 0, 2, 0, 1, 2, 2, 0], [0, 0, 0, 1, 0, 2, 0, 1, 0, 0, 0], [0, 1, 1, 1, 2, 2, 2, 1, 2, 2, 0], [0, 1, 0, 2, 0, 0, 0, 1, 0, 2, 0], [0, 1, 0, 2, 0, 1, 0, 1, 0, 2, 0], [0, 1, 0, 2, 0, 1, 1, 1, 0, 2, 0], [0, 2, 0, 2, 0, 1, 1, 1, 0, 2, 0], [0, 2, 0, 2, 0, 1, 0, 1, 0, 2, 0], [0, 2, 0, 2, 0, 0, 0, 1, 0, 2, 0], [0, 2, 2, 2, 2, 1, 1, 1, 2, 2, 0], [0, 0, 0, 2, 0, 1, 0, 2, 0, 0, 0], [0, 1, 1, 1, 0, 1, 0, 1, 1, 1, 0], [0, 1, 0, 1, 1, 1, 1, 4, 0, 1, 0], [0, 1, 0, 0, 0, 1, 0, 0, 0, 1, 0], [0, 1, 1, 1, 1, 5, 1, 1, 1, 4, 0], [0, 0, 0, 0, 0, 0, 0, 0, 0, 0, 0]]"
2026-05-25T15:51:31.512164,0,South,913.0,False,False,False,"[[0, 0, 0, 0, 0, 0, 0, 0, 0, 0, 0], [0, 1, 1, 1, 1, 1, 2, 2, 2, 3, 0], [0, 1, 0, 0, 0, 1, 0, 0, 0, 2, 0], [0, 1, 0, 2, 2, 1, 1, 1, 0, 2, 0], [0, 1, 1, 1, 0, 2, 0, 1, 2, 2, 0], [0, 0, 0, 1, 0, 2, 0, 1, 0, 0, 0], [0, 1, 1, 1, 2, 2, 2, 1, 2, 2, 0], [0, 1, 0, 2, 0, 0, 0, 1, 0, 2, 0], [0, 1, 0, 2, 0, 1, 0, 1, 0, 2, 0], [0, 1, 0, 2, 0, 1, 1, 1, 0, 2, 0], [0, 2, 0, 2, 0, 1, 1, 1, 0, 2, 0], [0, 2, 0, 2, 0, 1, 0, 1, 0, 2, 0], [0, 2, 0, 2, 0, 0, 0, 1, 0, 2, 0], [0, 2, 2, 2, 2, 1, 1, 1, 2, 2, 0], [0, 0, 0, 2, 0, 1, 0, 2, 0, 0, 0], [0, 1, 1, 1, 0, 1, 0, 1, 1, 1, 0], [0, 1, 0, 1, 1, 1, 4, 1, 0, 1, 0], [0, 1, 0, 0, 0, 1, 0, 0, 0, 1, 0], [0, 1, 1, 1, 5, 1, 1, 1, 4, 1, 0], [0, 0, 0, 0, 0, 0, 0, 0, 0, 0, 0]]"
2026-05-25T15:51:31.540387,0,South,912.0,False,False,False,"[[0, 0, 0, 0, 0, 0, 0, 0, 0, 0, 0], [0, 1, 1, 1, 1, 1, 2, 2, 2, 3, 0], [0, 1, 0, 0, 0, 1, 0, 0, 0, 2, 0], [0, 1, 0, 2, 2, 1, 1, 1, 0, 2, 0], [0, 1, 1, 1, 0, 2, 0, 1, 2, 2, 0], [0, 0, 0, 1, 0, 2, 0, 1, 0, 0, 0], [0, 1, 1, 1, 2, 2, 2, 1, 2, 2, 0], [0, 1, 0, 2, 0, 0, 0, 1, 0, 2, 0], [0, 1, 0, 2, 0, 1, 0, 1, 0, 2, 0], [0, 1, 0, 2, 0, 1, 1, 1, 0, 2, 0], [0, 2, 0, 2, 0, 1, 1, 1, 0, 2, 0], [0, 2, 0, 2, 0, 1, 0, 1, 0, 2, 0], [0, 2, 0, 2, 0, 0, 0, 1, 0, 2, 0], [0, 2, 2, 2, 2, 1, 1, 1, 2, 2, 0], [0, 0, 0, 2, 0, 1, 0, 2, 0, 0, 0], [0, 1, 1, 1, 0, 1, 0, 1, 1, 1, 0], [0, 1, 0, 1, 1, 4, 1, 1, 0, 1, 0], [0, 1, 0, 0, 0, 1, 0, 0, 0, 1, 0], [0, 1, 1, 5, 1, 1, 1, 4, 1, 1, 0], [0, 0, 0, 0, 0, 0, 0, 0, 0, 0, 0]]"
2026-05-25T15:51:31.561051,0,Stop,911.0,False,False,False,"[[0, 0, 0, 0, 0, 0, 0, 0, 0, 0, 0], [0, 1, 1, 1, 1, 1, 2, 2, 2, 3, 0], [0, 1, 0, 0, 0, 1, 0, 0, 0, 2, 0], [0, 1, 0, 2, 2, 1, 1, 1, 0, 2, 0], [0, 1, 1, 1, 0, 2, 0, 1, 2, 2, 0], [0, 0, 0, 1, 0, 2, 0, 1, 0, 0, 0], [0, 1, 1, 1, 2, 2, 2, 1, 2, 2, 0], [0, 1, 0, 2, 0, 0, 0, 1, 0, 2, 0], [0, 1, 0, 2, 0, 1, 0, 1, 0, 2, 0], [0, 1, 0, 2, 0, 1, 1, 1, 0, 2, 0], [0, 2, 0, 2, 0, 1, 1, 1, 0, 2, 0], [0, 2, 0, 2, 0, 1, 0, 1, 0, 2, 0], [0, 2, 0, 2, 0, 0, 0, 1, 0, 2, 0], [0, 2, 2, 2, 2, 1, 1, 1, 2, 2, 0], [0, 0, 0, 2, 0, 1, 0, 2, 0, 0, 0], [0, 1, 1, 1, 0, 1, 0, 1, 1, 1, 0], [0, 1, 0, 1, 4, 1, 1, 1, 0, 1, 0], [0, 1, 0, 0, 0, 1, 0, 0, 0, 1, 0], [0, 1, 5, 1, 1, 1, 4, 1, 1, 1, 0], [0, 0, 0, 0, 0, 0, 0, 0, 0, 0, 0]]"
2026-05-25T15:51:31.599771,0,South,910.0,False,False,False,"[[0, 0, 0, 0, 0, 0, 0, 0, 0, 0, 0], [0, 1, 1, 1, 1, 1, 2, 2, 2, 3, 0], [0, 1, 0, 0, 0, 1, 0, 0, 0, 2, 0], [0, 1, 0, 2, 2, 1, 1, 1, 0, 2, 0], [0, 1, 1, 1, 0, 2, 0, 1, 2, 2, 0], [0, 0, 0, 1, 0, 2, 0, 1, 0, 0, 0], [0, 1, 1, 1, 2, 2, 2, 1, 2, 2, 0], [0, 1, 0, 2, 0, 0, 0, 1, 0, 2, 0], [0, 1, 0, 2, 0, 1, 0, 1, 0, 2, 0], [0, 1, 0, 2, 0, 1, 1, 1, 0, 2, 0], [0, 2, 0, 2, 0, 1, 1, 1, 0, 2, 0], [0, 2, 0, 2, 0, 1, 0, 1, 0, 2, 0], [0, 2, 0, 2, 0, 0, 0, 1, 0, 2, 0], [0, 2, 2, 2, 2, 1, 1, 1, 2, 2, 0], [0, 0, 0, 2, 0, 1, 0, 2, 0, 0, 0], [0, 1, 1, 1, 0, 1, 0, 1, 1, 1, 0], [0, 1, 0, 4, 1, 1, 1, 1, 0, 1, 0], [0, 1, 0, 0, 0, 1, 0, 0, 0, 1, 0], [0, 1, 5, 1, 1, 4, 1, 1, 1, 1, 0], [0, 0, 0, 0, 0, 0, 0, 0, 0, 0, 0]]"
2026-05-25T15:51:31.613479,0,West,909.0,False,False,False,"[[0, 0, 0, 0, 0, 0, 0, 0, 0, 0, 0], [0, 1, 1, 1, 1, 1, 2, 2, 2, 3, 0], [0, 1, 0, 0, 0, 1, 0, 0, 0, 2, 0], [0, 1, 0, 2, 2, 1, 1, 1, 0, 2, 0], [0, 1, 1, 1, 0, 2, 0, 1, 2, 2, 0], [0, 0, 0, 1, 0, 2, 0, 1, 0, 0, 0], [0, 1, 1, 1, 2, 2, 2, 1, 2, 2, 0], [0, 1, 0, 2, 0, 0, 0, 1, 0, 2, 0], [0, 1, 0, 2, 0, 1, 0, 1, 0, 2, 0], [0, 1, 0, 2, 0, 1, 1, 1, 0, 2, 0], [0, 2, 0, 2, 0, 1, 1, 1, 0, 2, 0], [0, 2, 0, 2, 0, 1, 0, 1, 0, 2, 0], [0, 2, 0, 2, 0, 0, 0, 1, 0, 2, 0], [0, 2, 2, 2, 2, 1, 1, 1, 2, 2, 0], [0, 0, 0, 2, 0, 1, 0, 2, 0, 0, 0], [0, 1, 1, 4, 0, 1, 0, 1, 1, 1, 0], [0, 1, 0, 1, 1, 1, 1, 1, 0, 1, 0], [0, 1, 0, 0, 0, 1, 0, 0, 0, 1, 0], [0, 5, 1, 1, 4, 1, 1, 1, 1, 1, 0], [0, 0, 0, 0, 0, 0, 0, 0, 0, 0, 0]]"
2026-05-25T15:51:31.617596,0,West,908.0,False,False,False,"[[0, 0, 0, 0, 0, 0, 0, 0, 0, 0, 0], [0, 1, 1, 1, 1, 1, 2, 2, 2, 3, 0], [0, 1, 0, 0, 0, 1, 0, 0, 0, 2, 0], [0, 1, 0, 2, 2, 1, 1, 1, 0, 2, 0], [0, 1, 1, 1, 0, 2, 0, 1, 2, 2, 0], [0, 0, 0, 1, 0, 2, 0, 1, 0, 0, 0], [0, 1, 1, 1, 2, 2, 2, 1, 2, 2, 0], [0, 1, 0, 2, 0, 0, 0, 1, 0, 2, 0], [0, 1, 0, 2, 0, 1, 0, 1, 0, 2, 0], [0, 1, 0, 2, 0, 1, 1, 1, 0, 2, 0], [0, 2, 0, 2, 0, 1, 1, 1, 0, 2, 0], [0, 2, 0, 2, 0, 1, 0, 1, 0, 2, 0], [0, 2, 0, 2, 0, 0, 0, 1, 0, 2, 0], [0, 2, 2, 2, 2, 1, 1, 1, 2, 2, 0], [0, 0, 0, 2, 0, 1, 0, 2, 0, 0, 0], [0, 1, 4, 1, 0, 1, 0, 1, 1, 1, 0], [0, 1, 0, 1, 1, 1, 1, 1, 0, 1, 0], [0, 5, 0, 0, 0, 1, 0, 0, 0, 1, 0], [0, 1, 1, 4, 1, 1, 1, 1, 1, 1, 0], [0, 0, 0, 0, 0, 0, 0, 0, 0, 0, 0]]"
2026-05-25T15:51:31.619223,0,West,907.0,False,False,False,"[[0, 0, 0, 0, 0, 0, 0, 0, 0, 0, 0], [0, 1, 1, 1, 1, 1, 2, 2, 2, 3, 0], [0, 1, 0, 0, 0, 1, 0, 0, 0, 2, 0], [0, 1, 0, 2, 2, 1, 1, 1, 0, 2, 0], [0, 1, 1, 1, 0, 2, 0, 1, 2, 2, 0], [0, 0, 0, 1, 0, 2, 0, 1, 0, 0, 0], [0, 1, 1, 1, 2, 2, 2, 1, 2, 2, 0], [0, 1, 0, 2, 0, 0, 0, 1, 0, 2, 0], [0, 1, 0, 2, 0, 1, 0, 1, 0, 2, 0], [0, 1, 0, 2, 0, 1, 1, 1, 0, 2, 0], [0, 2, 0, 2, 0, 1, 1, 1, 0, 2, 0], [0, 2, 0, 2, 0, 1, 0, 1, 0, 2, 0], [0, 2, 0, 2, 0, 0, 0, 1, 0, 2, 0], [0, 2, 2, 2, 2, 1, 1, 1, 2, 2, 0], [0, 0, 0, 2, 0, 1, 0, 2, 0, 0, 0], [0, 4, 1, 1, 0, 1, 0, 1, 1, 1, 0], [0, 5, 0, 1, 1, 1, 1, 1, 0, 1, 0], [0, 1, 0, 0, 0, 1, 0, 0, 0, 1, 0], [0, 1, 4, 1, 1, 1, 1, 1, 1, 1, 0], [0, 0, 0, 0, 0, 0, 0, 0, 0, 0, 0]]"
