timestamp,agent_index,action,score,is_win,is_lose,game_over,map_matrix
2026-05-25T15:55:00.529284,0,West,0.0,False,False,False,"[[0, 0, 0, 0, 0, 0, 0, 0, 0, 0, 0], [0, 2, 2, 2, 2, 2, 2, 2, 2, 3, 0], [0, 2, 0, 0, 0, 2, 0, 0, 0, 2, 0], [0, 2, 0, 2, 2, 2, 2, 2, 0, 2, 0], [0, 2, 2, 2, 0, 2, 0, 2, 2, 2, 0], [0, 0, 0, 2, 0, 2, 0, 2, 0, 0, 0], [0, 2, 2, 2, 2, 2, 2, 2, 2, 2, 0], [0, 2, 0, 2, 0, 0, 0, 2, 0, 2, 0], [0, 2, 0, 2, 0, 4, 0, 2, 0, 2, 0], [0, 5, 0, 2, 0, 1, 1, 2, 0, 2, 0], [0, 2, 0, 2, 0, 1, 1, 2, 0, 2, 0], [0, 2, 0, 2, 0, 4, 0, 2, 0, 2, 0], [0, 2, 0, 2, 0, 0, 0, 2, 0, 2, 0], [0, 2, 2, 2, 2, 2, 2, 2, 2, 2, 0], [0, 0, 0, 2, 0, 2, 0, 2, 0, 0, 0], [0, 2, 2, 2, 0, 2, 0, 2, 2, 2, 0], [0, 2, 0, 2, 2, 2, 2, 2, 0, 2, 0], [0, 2, 0, 0, 0, 2, 0, 0, 0, 2, 0], [0, 3, 2, 2, 2, 2, 2, 2, 2, 2, 0], [0, 0, 0, 0, 0, 0, 0, 0, 0, 0, 0]]"
2026-05-25T15:55:00.570517,0,West,9.0,False,False,False,"[[0, 0, 0, 0, 0, 0, 0, 0, 0, 0, 0], [0, 2, 2, 2, 2, 2, 2, 2, 2, 3, 0], [0, 2, 0, 0, 0, 2, 0, 0, 0, 2, 0], [0, 2, 0, 2, 2, 2, 2, 2, 0, 2, 0], [0, 2, 2, 2, 0, 2, 0, 2, 2, 2, 0], [0, 0, 0, 2, 0, 2, 0, 2, 0, 0, 0], [0, 2, 2, 2, 2, 2, 2, 2, 2, 2, 0], [0, 2, 0, 2, 0, 0, 0, 2, 0, 2, 0], [0, 5, 0, 2, 0, 1, 0, 2, 0, 2, 0], [0, 1, 0, 2, 0, 4, 1, 2, 0, 2, 0], [0, 2, 0, 2, 0, 4, 1, 2, 0, 2, 0], [0, 2, 0, 2, 0, 1, 0, 2, 0, 2, 0], [0, 2, 0, 2, 0, 0, 0, 2, 0, 2, 0], [0, 2, 2, 2, 2, 2, 2, 2, 2, 2, 0], [0, 0, 0, 2, 0, 2, 0, 2, 0, 0, 0], [0, 2, 2, 2, 0, 2, 0, 2, 2, 2, 0], [0, 2, 0, 2, 2, 2, 2, 2, 0, 2, 0], [0, 2, 0, 0, 0, 2, 0, 0, 0, 2, 0], [0, 3, 2, 2, 2, 2, 2, 2, 2, 2, 0], [0, 0, 0, 0, 0, 0, 0, 0, 0, 0, 0]]"
2026-05-25T15:55:00.619599,0,West,18.0,False,False,False,"[[0, 0, 0, 0, 0, 0, 0, 0, 0, 0, 0], [0, 2, 2, 2, 2, 2, 2, 2, 2, 3, 0], [0, 2, 0, 0, 0, 2, 0, 0, 0, 2, 0], [0, 2, 0, 2, 2, 2, 2, 2, 0, 2, 0], [0, 2, 2, 2, 0, 2, 0, 2, 2, 2, 0], [0, 0, 0, 2, 0, 2, 0, 2, 0, 0, 0], [0, 2, 2, 2, 2, 2, 2, 2, 2, 2, 0], [0, 5, 0, 2, 0, 0, 0, 2, 0, 2, 0], [0, 1, 0, 2, 0, 1, 0, 2, 0, 2, 0], [0, 1, 0, 2, 0, 4, 1, 2, 0, 2, 0], [0, 2, 0, 2, 0, 4, 1, 2, 0, 2, 0], [0, 2, 0, 2, 0, 1, 0, 2, 0, 2, 0], [0, 2, 0, 2, 0, 0, 0, 2, 0, 2, 0], [0, 2, 2, 2, 2, 2, 2, 2, 2, 2, 0], [0, 0, 0, 2, 0, 2, 0, 2, 0, 0, 0], [0, 2, 2, 2, 0, 2, 0, 2, 2, 2, 0], [0, 2, 0, 2, 2, 2, 2, 2, 0, 2, 0], [0, 2, 0, 0, 0, 2, 0, 0, 0, 2, 0], [0, 3, 2, 2, 2, 2, 2, 2, 2, 2, 0], [0, 0, 0, 0, 0, 0, 0, 0, 0, 0, 0]]"
2026-05-25T15:55:00.677523,0,North,27.0,False,False,False,"[[0, 0, 0, 0, 0, 0, 0, 0, 0, 0, 0], [0, 2, 2, 2, 2, 2, 2, 2, 2, 3, 0], [0, 2, 0, 0, 0, 2, 0, 0, 0, 2, 0], [0, 2, 0, 2, 2, 2, 2, 2, 0, 2, 0], [0, 2, 2, 2, 0, 2, 0, 2, 2, 2, 0], [0, 0, 0, 2, 0, 2, 0, 2, 0, 0, 0], [0, 5, 2, 2, 2, 2, 2, 2, 2, 2, 0], [0, 1, 0, 2, 0, 0, 0, 2, 0, 2, 0], [0, 1, 0, 2, 0, 4, 0, 2, 0, 2, 0], [0, 1, 0, 2, 0, 1, 1, 2, 0, 2, 0], [0, 2, 0, 2, 0, 1, 4, 2, 0, 2, 0], [0, 2, 0, 2, 0, 1, 0, 2, 0, 2, 0], [0, 2, 0, 2, 0, 0, 0, 2, 0, 2, 0], [0, 2, 2, 2, 2, 2, 2, 2, 2, 2, 0], [0, 0, 0, 2, 0, 2, 0, 2, 0, 0, 0], [0, 2, 2, 2, 0, 2, 0, 2, 2, 2, 0], [0, 2, 0, 2, 2, 2, 2, 2, 0, 2, 0], [0, 2, 0, 0, 0, 2, 0, 0, 0, 2, 0], [0, 3, 2, 2, 2, 2, 2, 2, 2, 2, 0], [0, 0, 0, 0, 0, 0, 0, 0, 0, 0, 0]]"
2026-05-25T15:55:00.736132,0,North,36.0,False,False,False,"[[0, 0, 0, 0, 0, 0, 0, 0, 0, 0, 0], [0, 2, 2, 2, 2, 2, 2, 2, 2, 3, 0], [0, 2, 0, 0, 0, 2, 0, 0, 0, 2, 0], [0, 2, 0, 2, 2, 2, 2, 2, 0, 2, 0], [0, 2, 2, 2, 0, 2, 0, 2, 2, 2, 0], [0, 0, 0, 2, 0, 2, 0, 2, 0, 0, 0], [0, 1, 5, 2, 2, 2, 2, 2, 2, 2, 0], [0, 1, 0, 2, 0, 0, 0, 2, 0, 2, 0], [0, 1, 0, 2, 0, 1, 0, 2, 0, 2, 0], [0, 1, 0, 2, 0, 4, 4, 2, 0, 2, 0], [0, 2, 0, 2, 0, 1, 1, 2, 0, 2, 0], [0, 2, 0, 2, 0, 1, 0, 2, 0, 2, 0], [0, 2, 0, 2, 0, 0, 0, 2, 0, 2, 0], [0, 2, 2, 2, 2, 2, 2, 2, 2, 2, 0], [0, 0, 0, 2, 0, 2, 0, 2, 0, 0, 0], [0, 2, 2, 2, 0, 2, 0, 2, 2, 2, 0], [0, 2, 0, 2, 2, 2, 2, 2, 0, 2, 0], [0, 2, 0, 0, 0, 2, 0, 0, 0, 2, 0], [0, 3, 2, 2, 2, 2, 2, 2, 2, 2, 0], [0, 0, 0, 0, 0, 0, 0, 0, 0, 0, 0]]"
2026-05-25T15:55:00.771916,0,West,45.0,False,False,False,"[[0, 0, 0, 0, 0, 0, 0, 0, 0, 0, 0], [0, 2, 2, 2, 2, 2, 2, 2, 2, 3, 0], [0, 2, 0, 0, 0, 2, 0, 0, 0, 2, 0], [0, 2, 0, 2, 2, 2, 2, 2, 0, 2, 0], [0, 2, 2, 2, 0, 2, 0, 2, 2, 2, 0], [0, 0, 0, 2, 0, 2, 0, 2, 0, 0, 0], [0, 1, 1, 5, 2, 2, 2, 2, 2, 2, 0], [0, 1, 0, 2, 0, 0, 0, 2, 0, 2, 0], [0, 1, 0, 2, 0, 1, 0, 2, 0, 2, 0], [0, 1, 0, 2, 0, 4, 1, 2, 0, 2, 0], [0, 2, 0, 2, 0, 4, 1, 2, 0, 2, 0], [0, 2, 0, 2, 0, 1, 0, 2, 0, 2, 0], [0, 2, 0, 2, 0, 0, 0, 2, 0, 2, 0], [0, 2, 2, 2, 2, 2, 2, 2, 2, 2, 0], [0, 0, 0, 2, 0, 2, 0, 2, 0, 0, 0], [0, 2, 2, 2, 0, 2, 0, 2, 2, 2, 0], [0, 2, 0, 2, 2, 2, 2, 2, 0, 2, 0], [0, 2, 0, 0, 0, 2, 0, 0, 0, 2, 0], [0, 3, 2, 2, 2, 2, 2, 2, 2, 2, 0], [0, 0, 0, 0, 0, 0, 0, 0, 0, 0, 0]]"
2026-05-25T15:55:00.804074,0,West,54.0,False,False,False,"[[0, 0, 0, 0, 0, 0, 0, 0, 0, 0, 0], [0, 2, 2, 2, 2, 2, 2, 2, 2, 3, 0], [0, 2, 0, 0, 0, 2, 0, 0, 0, 2, 0], [0, 2, 0, 2, 2, 2, 2, 2, 0, 2, 0], [0, 2, 2, 2, 0, 2, 0, 2, 2, 2, 0], [0, 0, 0, 5, 0, 2, 0, 2, 0, 0, 0], [0, 1, 1, 1, 2, 2, 2, 2, 2, 2, 0], [0, 1, 0, 2, 0, 0, 0, 2, 0, 2, 0], [0, 1, 0, 2, 0, 4, 0, 2, 0, 2, 0], [0, 1, 0, 2, 0, 1, 1, 2, 0, 2, 0], [0, 2, 0, 2, 0, 1, 4, 2, 0, 2, 0], [0, 2, 0, 2, 0, 1, 0, 2, 0, 2, 0], [0, 2, 0, 2, 0, 0, 0, 2, 0, 2, 0], [0, 2, 2, 2, 2, 2, 2, 2, 2, 2, 0], [0, 0, 0, 2, 0, 2, 0, 2, 0, 0, 0], [0, 2, 2, 2, 0, 2, 0, 2, 2, 2, 0], [0, 2, 0, 2, 2, 2, 2, 2, 0, 2, 0], [0, 2, 0, 0, 0, 2, 0, 0, 0, 2, 0], [0, 3, 2, 2, 2, 2, 2, 2, 2, 2, 0], [0, 0, 0, 0, 0, 0, 0, 0, 0, 0, 0]]"
2026-05-25T15:55:00.855449,0,West,63.0,False,False,False,"[[0, 0, 0, 0, 0, 0, 0, 0, 0, 0, 0], [0, 2, 2, 2, 2, 2, 2, 2, 2, 3, 0], [0, 2, 0, 0, 0, 2, 0, 0, 0, 2, 0], [0, 2, 0, 2, 2, 2, 2, 2, 0, 2, 0], [0, 2, 2, 5, 0, 2, 0, 2, 2, 2, 0], [0, 0, 0, 1, 0, 2, 0, 2, 0, 0, 0], [0, 1, 1, 1, 2, 2, 2, 2, 2, 2, 0], [0, 1, 0, 2, 0, 0, 0, 2, 0, 2, 0], [0, 1, 0, 2, 0, 1, 0, 2, 0, 2, 0], [0, 1, 0, 2, 0, 4, 1, 2, 0, 2, 0], [0, 2, 0, 2, 0, 1, 1, 4, 0, 2, 0], [0, 2, 0, 2, 0, 1, 0, 2, 0, 2, 0], [0, 2, 0, 2, 0, 0, 0, 2, 0, 2, 0], [0, 2, 2, 2, 2, 2, 2, 2, 2, 2, 0], [0, 0, 0, 2, 0, 2, 0, 2, 0, 0, 0], [0, 2, 2, 2, 0, 2, 0, 2, 2, 2, 0], [0, 2, 0, 2, 2, 2, 2, 2, 0, 2, 0], [0, 2, 0, 0, 0, 2, 0, 0, 0, 2, 0], [0, 3, 2, 2, 2, 2, 2, 2, 2, 2, 0], [0, 0, 0, 0, 0, 0, 0, 0, 0, 0, 0]]"
2026-05-25T15:55:00.949559,0,North,72.0,False,False,False,"[[0, 0, 0, 0, 0, 0, 0, 0, 0, 0, 0], [0, 2, 2, 2, 2, 2, 2, 2, 2, 3, 0], [0, 2, 0, 0, 0, 2, 0, 0, 0, 2, 0], [0, 2, 0, 5, 2, 2, 2, 2, 0, 2, 0], [0, 2, 2, 1, 0, 2, 0, 2, 2, 2, 0], [0, 0, 0, 1, 0, 2, 0, 2, 0, 0, 0], [0, 1, 1, 1, 2, 2, 2, 2, 2, 2, 0], [0, 1, 0, 2, 0, 0, 0, 2, 0, 2, 0], [0, 1, 0, 2, 0, 1, 0, 2, 0, 2, 0], [0, 1, 0, 2, 0, 1, 4, 4, 0, 2, 0], [0, 2, 0, 2, 0, 1, 1, 2, 0, 2, 0], [0, 2, 0, 2, 0, 1, 0, 2, 0, 2, 0], [0, 2, 0, 2, 0, 0, 0, 2, 0, 2, 0], [0, 2, 2, 2, 2, 2, 2, 2, 2, 2, 0], [0, 0, 0, 2, 0, 2, 0, 2, 0, 0, 0], [0, 2, 2, 2, 0, 2, 0, 2, 2, 2, 0], [0, 2, 0, 2, 2, 2, 2, 2, 0, 2, 0], [0, 2, 0, 0, 0, 2, 0, 0, 0, 2, 0], [0, 3, 2, 2, 2, 2, 2, 2, 2, 2, 0], [0, 0, 0, 0, 0, 0, 0, 0, 0, 0, 0]]"
2026-05-25T15:55:01.004716,0,North,81.0,False,False,False,"[[0, 0, 0, 0, 0, 0, 0, 0, 0, 0, 0], [0, 2, 2, 2, 2, 2, 2, 2, 2, 3, 0], [0, 2, 0, 0, 0, 2, 0, 0, 0, 2, 0], [0, 2, 0, 1, 5, 2, 2, 2, 0, 2, 0], [0, 2, 2, 1, 0, 2, 0, 2, 2, 2, 0], [0, 0, 0, 1, 0, 2, 0, 2, 0, 0, 0], [0, 1, 1, 1, 2, 2, 2, 2, 2, 2, 0], [0, 1, 0, 2, 0, 0, 0, 2, 0, 2, 0], [0, 1, 0, 2, 0, 1, 0, 4, 0, 2, 0], [0, 1, 0, 2, 0, 1, 1, 2, 0, 2, 0], [0, 2, 0, 2, 0, 1, 4, 2, 0, 2, 0], [0, 2, 0, 2, 0, 1, 0, 2, 0, 2, 0], [0, 2, 0, 2, 0, 0, 0, 2, 0, 2, 0], [0, 2, 2, 2, 2, 2, 2, 2, 2, 2, 0], [0, 0, 0, 2, 0, 2, 0, 2, 0, 0, 0], [0, 2, 2, 2, 0, 2, 0, 2, 2, 2, 0], [0, 2, 0, 2, 2, 2, 2, 2, 0, 2, 0], [0, 2, 0, 0, 0, 2, 0, 0, 0, 2, 0], [0, 3, 2, 2, 2, 2, 2, 2, 2, 2, 0], [0, 0, 0, 0, 0, 0, 0, 0, 0, 0, 0]]"
2026-05-25T15:55:01.060213,0,East,90.0,False,False,False,"[[0, 0, 0, 0, 0, 0, 0, 0, 0, 0, 0], [0, 2, 2, 2, 2, 2, 2, 2, 2, 3, 0], [0, 2, 0, 0, 0, 2, 0, 0, 0, 2, 0], [0, 2, 0, 1, 1, 5, 2, 2, 0, 2, 0], [0, 2, 2, 1, 0, 2, 0, 2, 2, 2, 0], [0, 0, 0, 1, 0, 2, 0, 2, 0, 0, 0], [0, 1, 1, 1, 2, 2, 2, 2, 2, 2, 0], [0, 1, 0, 2, 0, 0, 0, 4, 0, 2, 0], [0, 1, 0, 2, 0, 1, 0, 2, 0, 2, 0], [0, 1, 0, 2, 0, 1, 1, 2, 0, 2, 0], [0, 2, 0, 2, 0, 4, 1, 2, 0, 2, 0], [0, 2, 0, 2, 0, 1, 0, 2, 0, 2, 0], [0, 2, 0, 2, 0, 0, 0, 2, 0, 2, 0], [0, 2, 2, 2, 2, 2, 2, 2, 2, 2, 0], [0, 0, 0, 2, 0, 2, 0, 2, 0, 0, 0], [0, 2, 2, 2, 0, 2, 0, 2, 2, 2, 0], [0, 2, 0, 2, 2, 2, 2, 2, 0, 2, 0], [0, 2, 0, 0, 0, 2, 0, 0, 0, 2, 0], [0, 3, 2, 2, 2, 2, 2, 2, 2, 2, 0], [0, 0, 0, 0, 0, 0, 0, 0, 0, 0, 0]]"
2026-05-25T15:55:01.132967,0,West,99.0,False,False,False,"[[0, 0, 0, 0, 0, 0, 0, 0, 0, 0, 0], [0, 2, 2, 2, 2, 2, 2, 2, 2, 3, 0], [0, 2, 0, 0, 0, 2, 0, 0, 0, 2, 0], [0, 2, 0, 1, 1, 1, 2, 2, 0, 2, 0], [0, 2, 2, 1, 0, 5, 0, 2, 2, 2, 0], [0, 0, 0, 1, 0, 2, 0, 2, 0, 0, 0], [0, 1, 1, 1, 2, 2, 2, 4, 2, 2, 0], [0, 1, 0, 2, 0, 0, 0, 2, 0, 2, 0], [0, 1, 0, 2, 0, 1, 0, 2, 0, 2, 0], [0, 1, 0, 2, 0, 4, 1, 2, 0, 2, 0], [0, 2, 0, 2, 0, 1, 1, 2, 0, 2, 0], [0, 2, 0, 2, 0, 1, 0, 2, 0, 2, 0], [0, 2, 0, 2, 0, 0, 0, 2, 0, 2, 0], [0, 2, 2, 2, 2, 2, 2, 2, 2, 2, 0], [0, 0, 0, 2, 0, 2, 0, 2, 0, 0, 0], [0, 2, 2, 2, 0, 2, 0, 2, 2, 2, 0], [0, 2, 0, 2, 2, 2, 2, 2, 0, 2, 0], [0, 2, 0, 0, 0, 2, 0, 0, 0, 2, 0], [0, 3, 2, 2, 2, 2, 2, 2, 2, 2, 0], [0, 0, 0, 0, 0, 0, 0, 0, 0, 0, 0]]"
2026-05-25T15:55:01.159396,0,West,98.0,False,False,False,"[[0, 0, 0, 0, 0, 0, 0, 0, 0, 0, 0], [0, 2, 2, 2, 2, 2, 2, 2, 2, 3, 0], [0, 2, 0, 0, 0, 2, 0, 0, 0, 2, 0], [0, 2, 0, 1, 1, 5, 2, 2, 0, 2, 0], [0, 2, 2, 1, 0, 1, 0, 2, 2, 2, 0], [0, 0, 0, 1, 0, 2, 0, 4, 0, 0, 0], [0, 1, 1, 1, 2, 2, 2, 2, 2, 2, 0], [0, 1, 0, 2, 0, 0, 0, 2, 0, 2, 0], [0, 1, 0, 2, 0, 4, 0, 2, 0, 2, 0], [0, 1, 0, 2, 0, 1, 1, 2, 0, 2, 0], [0, 2, 0, 2, 0, 1, 1, 2, 0, 2, 0], [0, 2, 0, 2, 0, 1, 0, 2, 0, 2, 0], [0, 2, 0, 2, 0, 0, 0, 2, 0, 2, 0], [0, 2, 2, 2, 2, 2, 2, 2, 2, 2, 0], [0, 0, 0, 2, 0, 2, 0, 2, 0, 0, 0], [0, 2, 2, 2, 0, 2, 0, 2, 2, 2, 0], [0, 2, 0, 2, 2, 2, 2, 2, 0, 2, 0], [0, 2, 0, 0, 0, 2, 0, 0, 0, 2, 0], [0, 3, 2, 2, 2, 2, 2, 2, 2, 2, 0], [0, 0, 0, 0, 0, 0, 0, 0, 0, 0, 0]]"
2026-05-25T15:55:01.202766,0,West,107.0,False,False,False,"[[0, 0, 0, 0, 0, 0, 0, 0, 0, 0, 0], [0, 2, 2, 2, 2, 2, 2, 2, 2, 3, 0], [0, 2, 0, 0, 0, 5, 0, 0, 0, 2, 0], [0, 2, 0, 1, 1, 1, 2, 2, 0, 2, 0], [0, 2, 2, 1, 0, 1, 0, 4, 2, 2, 0], [0, 0, 0, 1, 0, 2, 0, 2, 0, 0, 0], [0, 1, 1, 1, 2, 2, 2, 2, 2, 2, 0], [0, 1, 0, 2, 0, 0, 0, 2, 0, 2, 0], [0, 1, 0, 2, 0, 1, 0, 2, 0, 2, 0], [0, 1, 0, 2, 0, 4, 1, 2, 0, 2, 0], [0, 2, 0, 2, 0, 1, 1, 2, 0, 2, 0], [0, 2, 0, 2, 0, 1, 0, 2, 0, 2, 0], [0, 2, 0, 2, 0, 0, 0, 2, 0, 2, 0], [0, 2, 2, 2, 2, 2, 2, 2, 2, 2, 0], [0, 0, 0, 2, 0, 2, 0, 2, 0, 0, 0], [0, 2, 2, 2, 0, 2, 0, 2, 2, 2, 0], [0, 2, 0, 2, 2, 2, 2, 2, 0, 2, 0], [0, 2, 0, 0, 0, 2, 0, 0, 0, 2, 0], [0, 3, 2, 2, 2, 2, 2, 2, 2, 2, 0], [0, 0, 0, 0, 0, 0, 0, 0, 0, 0, 0]]"
2026-05-25T15:55:01.250450,0,North,116.0,False,False,False,"[[0, 0, 0, 0, 0, 0, 0, 0, 0, 0, 0], [0, 2, 2, 2, 2, 5, 2, 2, 2, 3, 0], [0, 2, 0, 0, 0, 1, 0, 0, 0, 2, 0], [0, 2, 0, 1, 1, 1, 2, 4, 0, 2, 0], [0, 2, 2, 1, 0, 1, 0, 2, 2, 2, 0], [0, 0, 0, 1, 0, 2, 0, 2, 0, 0, 0], [0, 1, 1, 1, 2, 2, 2, 2, 2, 2, 0], [0, 1, 0, 2, 0, 0, 0, 2, 0, 2, 0], [0, 1, 0, 2, 0, 1, 0, 2, 0, 2, 0], [0, 1, 0, 2, 0, 1, 4, 2, 0, 2, 0], [0, 2, 0, 2, 0, 1, 1, 2, 0, 2, 0], [0, 2, 0, 2, 0, 1, 0, 2, 0, 2, 0], [0, 2, 0, 2, 0, 0, 0, 2, 0, 2, 0], [0, 2, 2, 2, 2, 2, 2, 2, 2, 2, 0], [0, 0, 0, 2, 0, 2, 0, 2, 0, 0, 0], [0, 2, 2, 2, 0, 2, 0, 2, 2, 2, 0], [0, 2, 0, 2, 2, 2, 2, 2, 0, 2, 0], [0, 2, 0, 0, 0, 2, 0, 0, 0, 2, 0], [0, 3, 2, 2, 2, 2, 2, 2, 2, 2, 0], [0, 0, 0, 0, 0, 0, 0, 0, 0, 0, 0]]"
2026-05-25T15:55:01.291452,0,North,125.0,False,False,False,"[[0, 0, 0, 0, 0, 0, 0, 0, 0, 0, 0], [0, 2, 2, 2, 2, 1, 5, 2, 2, 3, 0], [0, 2, 0, 0, 0, 1, 0, 0, 0, 2, 0], [0, 2, 0, 1, 1, 1, 4, 2, 0, 2, 0], [0, 2, 2, 1, 0, 1, 0, 2, 2, 2, 0], [0, 0, 0, 1, 0, 2, 0, 2, 0, 0, 0], [0, 1, 1, 1, 2, 2, 2, 2, 2, 2, 0], [0, 1, 0, 2, 0, 0, 0, 2, 0, 2, 0], [0, 1, 0, 2, 0, 1, 0, 2, 0, 2, 0], [0, 1, 0, 2, 0, 1, 1, 4, 0, 2, 0], [0, 2, 0, 2, 0, 1, 1, 2, 0, 2, 0], [0, 2, 0, 2, 0, 1, 0, 2, 0, 2, 0], [0, 2, 0, 2, 0, 0, 0, 2, 0, 2, 0], [0, 2, 2, 2, 2, 2, 2, 2, 2, 2, 0], [0, 0, 0, 2, 0, 2, 0, 2, 0, 0, 0], [0, 2, 2, 2, 0, 2, 0, 2, 2, 2, 0], [0, 2, 0, 2, 2, 2, 2, 2, 0, 2, 0], [0, 2, 0, 0, 0, 2, 0, 0, 0, 2, 0], [0, 3, 2, 2, 2, 2, 2, 2, 2, 2, 0], [0, 0, 0, 0, 0, 0, 0, 0, 0, 0, 0]]"
2026-05-25T15:55:01.323004,0,North,134.0,False,False,False,"[[0, 0, 0, 0, 0, 0, 0, 0, 0, 0, 0], [0, 2, 2, 2, 2, 1, 1, 5, 2, 3, 0], [0, 2, 0, 0, 0, 1, 0, 0, 0, 2, 0], [0, 2, 0, 1, 1, 4, 2, 2, 0, 2, 0], [0, 2, 2, 1, 0, 1, 0, 2, 2, 2, 0], [0, 0, 0, 1, 0, 2, 0, 2, 0, 0, 0], [0, 1, 1, 1, 2, 2, 2, 2, 2, 2, 0], [0, 1, 0, 2, 0, 0, 0, 2, 0, 2, 0], [0, 1, 0, 2, 0, 1, 0, 4, 0, 2, 0], [0, 1, 0, 2, 0, 1, 1, 2, 0, 2, 0], [0, 2, 0, 2, 0, 1, 1, 2, 0, 2, 0], [0, 2, 0, 2, 0, 1, 0, 2, 0, 2, 0], [0, 2, 0, 2, 0, 0, 0, 2, 0, 2, 0], [0, 2, 2, 2, 2, 2, 2, 2, 2, 2, 0], [0, 0, 0, 2, 0, 2, 0, 2, 0, 0, 0], [0, 2, 2, 2, 0, 2, 0, 2, 2, 2, 0], [0, 2, 0, 2, 2, 2, 2, 2, 0, 2, 0], [0, 2, 0, 0, 0, 2, 0, 0, 0, 2, 0], [0, 3, 2, 2, 2, 2, 2, 2, 2, 2, 0], [0, 0, 0, 0, 0, 0, 0, 0, 0, 0, 0]]"
2026-05-25T15:55:01.342119,0,North,143.0,False,False,False,"[[0, 0, 0, 0, 0, 0, 0, 0, 0, 0, 0], [0, 2, 2, 2, 2, 1, 1, 1, 5, 3, 0], [0, 2, 0, 0, 0, 4, 0, 0, 0, 2, 0], [0, 2, 0, 1, 1, 1, 2, 2, 0, 2, 0], [0, 2, 2, 1, 0, 1, 0, 2, 2, 2, 0], [0, 0, 0, 1, 0, 2, 0, 2, 0, 0, 0], [0, 1, 1, 1, 2, 2, 2, 2, 2, 2, 0], [0, 1, 0, 2, 0, 0, 0, 4, 0, 2, 0], [0, 1, 0, 2, 0, 1, 0, 2, 0, 2, 0], [0, 1, 0, 2, 0, 1, 1, 2, 0, 2, 0], [0, 2, 0, 2, 0, 1, 1, 2, 0, 2, 0], [0, 2, 0, 2, 0, 1, 0, 2, 0, 2, 0], [0, 2, 0, 2, 0, 0, 0, 2, 0, 2, 0], [0, 2, 2, 2, 2, 2, 2, 2, 2, 2, 0], [0, 0, 0, 2, 0, 2, 0, 2, 0, 0, 0], [0, 2, 2, 2, 0, 2, 0, 2, 2, 2, 0], [0, 2, 0, 2, 2, 2, 2, 2, 0, 2, 0], [0, 2, 0, 0, 0, 2, 0, 0, 0, 2, 0], [0, 3, 2, 2, 2, 2, 2, 2, 2, 2, 0], [0, 0, 0, 0, 0, 0, 0, 0, 0, 0, 0]]"
2026-05-25T15:55:01.369938,0,East,142.0,False,False,False,"[[0, 0, 0, 0, 0, 0, 0, 0, 0, 0, 0], [0, 2, 2, 2, 2, 4, 1, 1, 1, 5, 0], [0, 2, 0, 0, 0, 1, 0, 0, 0, 2, 0], [0, 2, 0, 1, 1, 1, 2, 2, 0, 2, 0], [0, 2, 2, 1, 0, 1, 0, 2, 2, 2, 0], [0, 0, 0, 1, 0, 2, 0, 2, 0, 0, 0], [0, 1, 1, 1, 2, 2, 2, 4, 2, 2, 0], [0, 1, 0, 2, 0, 0, 0, 2, 0, 2, 0], [0, 1, 0, 2, 0, 1, 0, 2, 0, 2, 0], [0, 1, 0, 2, 0, 1, 1, 2, 0, 2, 0], [0, 2, 0, 2, 0, 1, 1, 2, 0, 2, 0], [0, 2, 0, 2, 0, 1, 0, 2, 0, 2, 0], [0, 2, 0, 2, 0, 0, 0, 2, 0, 2, 0], [0, 2, 2, 2, 2, 2, 2, 2, 2, 2, 0], [0, 0, 0, 2, 0, 2, 0, 2, 0, 0, 0], [0, 2, 2, 2, 0, 2, 0, 2, 2, 2, 0], [0, 2, 0, 2, 2, 2, 2, 2, 0, 2, 0], [0, 2, 0, 0, 0, 2, 0, 0, 0, 2, 0], [0, 3, 2, 2, 2, 2, 2, 2, 2, 2, 0], [0, 0, 0, 0, 0, 0, 0, 0, 0, 0, 0]]"
2026-05-25T15:55:01.419795,0,East,151.0,False,False,False,"[[0, 0, 0, 0, 0, 0, 0, 0, 0, 0, 0], [0, 2, 2, 2, 2, 4, 1, 1, 1, 1, 0], [0, 2, 0, 0, 0, 1, 0, 0, 0, 5, 0], [0, 2, 0, 1, 1, 1, 2, 2, 0, 2, 0], [0, 2, 2, 1, 0, 1, 0, 2, 2, 2, 0], [0, 0, 0, 1, 0, 2, 0, 2, 0, 0, 0], [0, 1, 1, 1, 2, 2, 2, 4, 2, 2, 0], [0, 1, 0, 2, 0, 0, 0, 2, 0, 2, 0], [0, 1, 0, 2, 0, 1, 0, 2, 0, 2, 0], [0, 1, 0, 2, 0, 1, 1, 2, 0, 2, 0], [0, 2, 0, 2, 0, 1, 1, 2, 0, 2, 0], [0, 2, 0, 2, 0, 1, 0, 2, 0, 2, 0], [0, 2, 0, 2, 0, 0, 0, 2, 0, 2, 0], [0, 2, 2, 2, 2, 2, 2, 2, 2, 2, 0], [0, 0, 0, 2, 0, 2, 0, 2, 0, 0, 0], [0, 2, 2, 2, 0, 2, 0, 2, 2, 2, 0], [0, 2, 0, 2, 2, 2, 2, 2, 0, 2, 0], [0, 2, 0, 0, 0, 2, 0, 0, 0, 2, 0], [0, 3, 2, 2, 2, 2, 2, 2, 2, 2, 0], [0, 0, 0, 0, 0, 0, 0, 0, 0, 0, 0]]"
2026-05-25T15:55:01.428638,0,East,160.0,False,False,False,"[[0, 0, 0, 0, 0, 0, 0, 0, 0, 0, 0], [0, 2, 2, 2, 2, 4, 1, 1, 1, 1, 0], [0, 2, 0, 0, 0, 1, 0, 0, 0, 1, 0], [0, 2, 0, 1, 1, 1, 2, 2, 0, 5, 0], [0, 2, 2, 1, 0, 1, 0, 2, 2, 2, 0], [0, 0, 0, 1, 0, 2, 0, 2, 0, 0, 0], [0, 1, 1, 1, 2, 2, 4, 2, 2, 2, 0], [0, 1, 0, 2, 0, 0, 0, 2, 0, 2, 0], [0, 1, 0, 2, 0, 1, 0, 2, 0, 2, 0], [0, 1, 0, 2, 0, 1, 1, 2, 0, 2, 0], [0, 2, 0, 2, 0, 1, 1, 2, 0, 2, 0], [0, 2, 0, 2, 0, 1, 0, 2, 0, 2, 0], [0, 2, 0, 2, 0, 0, 0, 2, 0, 2, 0], [0, 2, 2, 2, 2, 2, 2, 2, 2, 2, 0], [0, 0, 0, 2, 0, 2, 0, 2, 0, 0, 0], [0, 2, 2, 2, 0, 2, 0, 2, 2, 2, 0], [0, 2, 0, 2, 2, 2, 2, 2, 0, 2, 0], [0, 2, 0, 0, 0, 2, 0, 0, 0, 2, 0], [0, 3, 2, 2, 2, 2, 2, 2, 2, 2, 0], [0, 0, 0, 0, 0, 0, 0, 0, 0, 0, 0]]"
2026-05-25T15:55:01.440776,0,South,169.0,False,False,False,"[[0, 0, 0, 0, 0, 0, 0, 0, 0, 0, 0], [0, 2, 2, 2, 2, 1, 4, 1, 1, 1, 0], [0, 2, 0, 0, 0, 1, 0, 0, 0, 1, 0], [0, 2, 0, 1, 1, 1, 2, 2, 0, 1, 0], [0, 2, 2, 1, 0, 1, 0, 2, 2, 5, 0], [0, 0, 0, 1, 0, 2, 0, 2, 0, 0, 0], [0, 1, 1, 1, 2, 2, 4, 2, 2, 2, 0], [0, 1, 0, 2, 0, 0, 0, 2, 0, 2, 0], [0, 1, 0, 2, 0, 1, 0, 2, 0, 2, 0], [0, 1, 0, 2, 0, 1, 1, 2, 0, 2, 0], [0, 2, 0, 2, 0, 1, 1, 2, 0, 2, 0], [0, 2, 0, 2, 0, 1, 0, 2, 0, 2, 0], [0, 2, 0, 2, 0, 0, 0, 2, 0, 2, 0], [0, 2, 2, 2, 2, 2, 2, 2, 2, 2, 0], [0, 0, 0, 2, 0, 2, 0, 2, 0, 0, 0], [0, 2, 2, 2, 0, 2, 0, 2, 2, 2, 0], [0, 2, 0, 2, 2, 2, 2, 2, 0, 2, 0], [0, 2, 0, 0, 0, 2, 0, 0, 0, 2, 0], [0, 3, 2, 2, 2, 2, 2, 2, 2, 2, 0], [0, 0, 0, 0, 0, 0, 0, 0, 0, 0, 0]]"
2026-05-25T15:55:01.456334,0,South,178.0,False,False,False,"[[0, 0, 0, 0, 0, 0, 0, 0, 0, 0, 0], [0, 2, 2, 2, 2, 1, 4, 1, 1, 1, 0], [0, 2, 0, 0, 0, 1, 0, 0, 0, 1, 0], [0, 2, 0, 1, 1, 1, 2, 2, 0, 1, 0], [0, 2, 2, 1, 0, 1, 0, 2, 5, 1, 0], [0, 0, 0, 1, 0, 2, 0, 2, 0, 0, 0], [0, 1, 1, 1, 2, 4, 2, 2, 2, 2, 0], [0, 1, 0, 2, 0, 0, 0, 2, 0, 2, 0], [0, 1, 0, 2, 0, 1, 0, 2, 0, 2, 0], [0, 1, 0, 2, 0, 1, 1, 2, 0, 2, 0], [0, 2, 0, 2, 0, 1, 1, 2, 0, 2, 0], [0, 2, 0, 2, 0, 1, 0, 2, 0, 2, 0], [0, 2, 0, 2, 0, 0, 0, 2, 0, 2, 0], [0, 2, 2, 2, 2, 2, 2, 2, 2, 2, 0], [0, 0, 0, 2, 0, 2, 0, 2, 0, 0, 0], [0, 2, 2, 2, 0, 2, 0, 2, 2, 2, 0], [0, 2, 0, 2, 2, 2, 2, 2, 0, 2, 0], [0, 2, 0, 0, 0, 2, 0, 0, 0, 2, 0], [0, 3, 2, 2, 2, 2, 2, 2, 2, 2, 0], [0, 0, 0, 0, 0, 0, 0, 0, 0, 0, 0]]"
2026-05-25T15:55:01.480634,0,East,187.0,False,False,False,"[[0, 0, 0, 0, 0, 0, 0, 0, 0, 0, 0], [0, 2, 2, 2, 2, 1, 1, 4, 1, 1, 0], [0, 2, 0, 0, 0, 1, 0, 0, 0, 1, 0], [0, 2, 0, 1, 1, 1, 2, 2, 0, 1, 0], [0, 2, 2, 1, 0, 1, 0, 5, 1, 1, 0], [0, 0, 0, 1, 0, 2, 0, 2, 0, 0, 0], [0, 1, 1, 1, 2, 4, 2, 2, 2, 2, 0], [0, 1, 0, 2, 0, 0, 0, 2, 0, 2, 0], [0, 1, 0, 2, 0, 1, 0, 2, 0, 2, 0], [0, 1, 0, 2, 0, 1, 1, 2, 0, 2, 0], [0, 2, 0, 2, 0, 1, 1, 2, 0, 2, 0], [0, 2, 0, 2, 0, 1, 0, 2, 0, 2, 0], [0, 2, 0, 2, 0, 0, 0, 2, 0, 2, 0], [0, 2, 2, 2, 2, 2, 2, 2, 2, 2, 0], [0, 0, 0, 2, 0, 2, 0, 2, 0, 0, 0], [0, 2, 2, 2, 0, 2, 0, 2, 2, 2, 0], [0, 2, 0, 2, 2, 2, 2, 2, 0, 2, 0], [0, 2, 0, 0, 0, 2, 0, 0, 0, 2, 0], [0, 3, 2, 2, 2, 2, 2, 2, 2, 2, 0], [0, 0, 0, 0, 0, 0, 0, 0, 0, 0, 0]]"
2026-05-25T15:55:01.494177,0,East,196.0,False,False,False,"[[0, 0, 0, 0, 0, 0, 0, 0, 0, 0, 0], [0, 2, 2, 2, 2, 1, 1, 4, 1, 1, 0], [0, 2, 0, 0, 0, 1, 0, 0, 0, 1, 0], [0, 2, 0, 1, 1, 1, 2, 2, 0, 1, 0], [0, 2, 2, 1, 0, 1, 0, 1, 1, 1, 0], [0, 0, 0, 1, 0, 4, 0, 5, 0, 0, 0], [0, 1, 1, 1, 2, 2, 2, 2, 2, 2, 0], [0, 1, 0, 2, 0, 0, 0, 2, 0, 2, 0], [0, 1, 0, 2, 0, 1, 0, 2, 0, 2, 0], [0, 1, 0, 2, 0, 1, 1, 2, 0, 2, 0], [0, 2, 0, 2, 0, 1, 1, 2, 0, 2, 0], [0, 2, 0, 2, 0, 1, 0, 2, 0, 2, 0], [0, 2, 0, 2, 0, 0, 0, 2, 0, 2, 0], [0, 2, 2, 2, 2, 2, 2, 2, 2, 2, 0], [0, 0, 0, 2, 0, 2, 0, 2, 0, 0, 0], [0, 2, 2, 2, 0, 2, 0, 2, 2, 2, 0], [0, 2, 0, 2, 2, 2, 2, 2, 0, 2, 0], [0, 2, 0, 0, 0, 2, 0, 0, 0, 2, 0], [0, 3, 2, 2, 2, 2, 2, 2, 2, 2, 0], [0, 0, 0, 0, 0, 0, 0, 0, 0, 0, 0]]"
2026-05-25T15:55:01.514026,0,South,205.0,False,False,False,"[[0, 0, 0, 0, 0, 0, 0, 0, 0, 0, 0], [0, 2, 2, 2, 2, 1, 1, 1, 4, 1, 0], [0, 2, 0, 0, 0, 1, 0, 0, 0, 1, 0], [0, 2, 0, 1, 1, 1, 2, 2, 0, 1, 0], [0, 2, 2, 1, 0, 1, 0, 1, 1, 1, 0], [0, 0, 0, 1, 0, 4, 0, 1, 0, 0, 0], [0, 1, 1, 1, 2, 2, 2, 5, 2, 2, 0], [0, 1, 0, 2, 0, 0, 0, 2, 0, 2, 0], [0, 1, 0, 2, 0, 1, 0, 2, 0, 2, 0], [0, 1, 0, 2, 0, 1, 1, 2, 0, 2, 0], [0, 2, 0, 2, 0, 1, 1, 2, 0, 2, 0], [0, 2, 0, 2, 0, 1, 0, 2, 0, 2, 0], [0, 2, 0, 2, 0, 0, 0, 2, 0, 2, 0], [0, 2, 2, 2, 2, 2, 2, 2, 2, 2, 0], [0, 0, 0, 2, 0, 2, 0, 2, 0, 0, 0], [0, 2, 2, 2, 0, 2, 0, 2, 2, 2, 0], [0, 2, 0, 2, 2, 2, 2, 2, 0, 2, 0], [0, 2, 0, 0, 0, 2, 0, 0, 0, 2, 0], [0, 3, 2, 2, 2, 2, 2, 2, 2, 2, 0], [0, 0, 0, 0, 0, 0, 0, 0, 0, 0, 0]]"
2026-05-25T15:55:01.527903,0,South,214.0,False,False,False,"[[0, 0, 0, 0, 0, 0, 0, 0, 0, 0, 0], [0, 2, 2, 2, 2, 1, 1, 1, 4, 1, 0], [0, 2, 0, 0, 0, 1, 0, 0, 0, 1, 0], [0, 2, 0, 1, 1, 1, 2, 2, 0, 1, 0], [0, 2, 2, 1, 0, 4, 0, 1, 1, 1, 0], [0, 0, 0, 1, 0, 2, 0, 1, 0, 0, 0], [0, 1, 1, 1, 2, 2, 5, 1, 2, 2, 0], [0, 1, 0, 2, 0, 0, 0, 2, 0, 2, 0], [0, 1, 0, 2, 0, 1, 0, 2, 0, 2, 0], [0, 1, 0, 2, 0, 1, 1, 2, 0, 2, 0], [0, 2, 0, 2, 0, 1, 1, 2, 0, 2, 0], [0, 2, 0, 2, 0, 1, 0, 2, 0, 2, 0], [0, 2, 0, 2, 0, 0, 0, 2, 0, 2, 0], [0, 2, 2, 2, 2, 2, 2, 2, 2, 2, 0], [0, 0, 0, 2, 0, 2, 0, 2, 0, 0, 0], [0, 2, 2, 2, 0, 2, 0, 2, 2, 2, 0], [0, 2, 0, 2, 2, 2, 2, 2, 0, 2, 0], [0, 2, 0, 0, 0, 2, 0, 0, 0, 2, 0], [0, 3, 2, 2, 2, 2, 2, 2, 2, 2, 0], [0, 0, 0, 0, 0, 0, 0, 0, 0, 0, 0]]"
2026-05-25T15:55:01.542819,0,West,223.0,False,False,False,"[[0, 0, 0, 0, 0, 0, 0, 0, 0, 0, 0], [0, 2, 2, 2, 2, 1, 1, 1, 1, 4, 0], [0, 2, 0, 0, 0, 1, 0, 0, 0, 1, 0], [0, 2, 0, 1, 1, 1, 2, 2, 0, 1, 0], [0, 2, 2, 1, 0, 4, 0, 1, 1, 1, 0], [0, 0, 0, 1, 0, 2, 0, 1, 0, 0, 0], [0, 1, 1, 1, 2, 5, 1, 1, 2, 2, 0], [0, 1, 0, 2, 0, 0, 0, 2, 0, 2, 0], [0, 1, 0, 2, 0, 1, 0, 2, 0, 2, 0], [0, 1, 0, 2, 0, 1, 1, 2, 0, 2, 0], [0, 2, 0, 2, 0, 1, 1, 2, 0, 2, 0], [0, 2, 0, 2, 0, 1, 0, 2, 0, 2, 0], [0, 2, 0, 2, 0, 0, 0, 2, 0, 2, 0], [0, 2, 2, 2, 2, 2, 2, 2, 2, 2, 0], [0, 0, 0, 2, 0, 2, 0, 2, 0, 0, 0], [0, 2, 2, 2, 0, 2, 0, 2, 2, 2, 0], [0, 2, 0, 2, 2, 2, 2, 2, 0, 2, 0], [0, 2, 0, 0, 0, 2, 0, 0, 0, 2, 0], [0, 3, 2, 2, 2, 2, 2, 2, 2, 2, 0], [0, 0, 0, 0, 0, 0, 0, 0, 0, 0, 0]]"
2026-05-25T15:55:01.557294,0,West,232.0,False,False,False,"[[0, 0, 0, 0, 0, 0, 0, 0, 0, 0, 0], [0, 2, 2, 2, 2, 1, 1, 1, 1, 4, 0], [0, 2, 0, 0, 0, 1, 0, 0, 0, 1, 0], [0, 2, 0, 1, 1, 4, 2, 2, 0, 1, 0], [0, 2, 2, 1, 0, 1, 0, 1, 1, 1, 0], [0, 0, 0, 1, 0, 5, 0, 1, 0, 0, 0], [0, 1, 1, 1, 2, 1, 1, 1, 2, 2, 0], [0, 1, 0, 2, 0, 0, 0, 2, 0, 2, 0], [0, 1, 0, 2, 0, 1, 0, 2, 0, 2, 0], [0, 1, 0, 2, 0, 1, 1, 2, 0, 2, 0], [0, 2, 0, 2, 0, 1, 1, 2, 0, 2, 0], [0, 2, 0, 2, 0, 1, 0, 2, 0, 2, 0], [0, 2, 0, 2, 0, 0, 0, 2, 0, 2, 0], [0, 2, 2, 2, 2, 2, 2, 2, 2, 2, 0], [0, 0, 0, 2, 0, 2, 0, 2, 0, 0, 0], [0, 2, 2, 2, 0, 2, 0, 2, 2, 2, 0], [0, 2, 0, 2, 2, 2, 2, 2, 0, 2, 0], [0, 2, 0, 0, 0, 2, 0, 0, 0, 2, 0], [0, 3, 2, 2, 2, 2, 2, 2, 2, 2, 0], [0, 0, 0, 0, 0, 0, 0, 0, 0, 0, 0]]"
2026-05-25T15:55:01.585699,0,West,431.0,False,False,False,"[[0, 0, 0, 0, 0, 0, 0, 0, 0, 0, 0], [0, 2, 2, 2, 2, 1, 1, 1, 1, 1, 0], [0, 2, 0, 0, 0, 1, 0, 0, 0, 4, 0], [0, 2, 0, 1, 1, 1, 2, 2, 0, 1, 0], [0, 2, 2, 1, 0, 5, 0, 1, 1, 1, 0], [0, 0, 0, 1, 0, 1, 0, 1, 0, 0, 0], [0, 1, 1, 1, 2, 1, 1, 1, 2, 2, 0], [0, 1, 0, 2, 0, 0, 0, 2, 0, 2, 0], [0, 1, 0, 2, 0, 1, 0, 2, 0, 2, 0], [0, 1, 0, 2, 0, 4, 1, 2, 0, 2, 0], [0, 2, 0, 2, 0, 1, 1, 2, 0, 2, 0], [0, 2, 0, 2, 0, 1, 0, 2, 0, 2, 0], [0, 2, 0, 2, 0, 0, 0, 2, 0, 2, 0], [0, 2, 2, 2, 2, 2, 2, 2, 2, 2, 0], [0, 0, 0, 2, 0, 2, 0, 2, 0, 0, 0], [0, 2, 2, 2, 0, 2, 0, 2, 2, 2, 0], [0, 2, 0, 2, 2, 2, 2, 2, 0, 2, 0], [0, 2, 0, 0, 0, 2, 0, 0, 0, 2, 0], [0, 3, 2, 2, 2, 2, 2, 2, 2, 2, 0], [0, 0, 0, 0, 0, 0, 0, 0, 0, 0, 0]]"
2026-05-25T15:55:01.632661,0,North,430.0,False,False,False,"[[0, 0, 0, 0, 0, 0, 0, 0, 0, 0, 0], [0, 2, 2, 2, 2, 1, 1, 1, 1, 1, 0], [0, 2, 0, 0, 0, 1, 0, 0, 0, 4, 0], [0, 2, 0, 1, 1, 5, 2, 2, 0, 1, 0], [0, 2, 2, 1, 0, 1, 0, 1, 1, 1, 0], [0, 0, 0, 1, 0, 1, 0, 1, 0, 0, 0], [0, 1, 1, 1, 2, 1, 1, 1, 2, 2, 0], [0, 1, 0, 2, 0, 0, 0, 2, 0, 2, 0], [0, 1, 0, 2, 0, 1, 0, 2, 0, 2, 0], [0, 1, 0, 2, 0, 1, 4, 2, 0, 2, 0], [0, 2, 0, 2, 0, 1, 1, 2, 0, 2, 0], [0, 2, 0, 2, 0, 1, 0, 2, 0, 2, 0], [0, 2, 0, 2, 0, 0, 0, 2, 0, 2, 0], [0, 2, 2, 2, 2, 2, 2, 2, 2, 2, 0], [0, 0, 0, 2, 0, 2, 0, 2, 0, 0, 0], [0, 2, 2, 2, 0, 2, 0, 2, 2, 2, 0], [0, 2, 0, 2, 2, 2, 2, 2, 0, 2, 0], [0, 2, 0, 0, 0, 2, 0, 0, 0, 2, 0], [0, 3, 2, 2, 2, 2, 2, 2, 2, 2, 0], [0, 0, 0, 0, 0, 0, 0, 0, 0, 0, 0]]"
2026-05-25T15:55:01.651336,0,North,439.0,False,False,False,"[[0, 0, 0, 0, 0, 0, 0, 0, 0, 0, 0], [0, 2, 2, 2, 2, 1, 1, 1, 1, 1, 0], [0, 2, 0, 0, 0, 1, 0, 0, 0, 1, 0], [0, 2, 0, 1, 1, 1, 5, 2, 0, 4, 0], [0, 2, 2, 1, 0, 1, 0, 1, 1, 1, 0], [0, 0, 0, 1, 0, 1, 0, 1, 0, 0, 0], [0, 1, 1, 1, 2, 1, 1, 1, 2, 2, 0], [0, 1, 0, 2, 0, 0, 0, 2, 0, 2, 0], [0, 1, 0, 2, 0, 1, 0, 2, 0, 2, 0], [0, 1, 0, 2, 0, 1, 1, 4, 0, 2, 0], [0, 2, 0, 2, 0, 1, 1, 2, 0, 2, 0], [0, 2, 0, 2, 0, 1, 0, 2, 0, 2, 0], [0, 2, 0, 2, 0, 0, 0, 2, 0, 2, 0], [0, 2, 2, 2, 2, 2, 2, 2, 2, 2, 0], [0, 0, 0, 2, 0, 2, 0, 2, 0, 0, 0], [0, 2, 2, 2, 0, 2, 0, 2, 2, 2, 0], [0, 2, 0, 2, 2, 2, 2, 2, 0, 2, 0], [0, 2, 0, 0, 0, 2, 0, 0, 0, 2, 0], [0, 3, 2, 2, 2, 2, 2, 2, 2, 2, 0], [0, 0, 0, 0, 0, 0, 0, 0, 0, 0, 0]]"
2026-05-25T15:55:01.665274,0,East,448.0,False,False,False,"[[0, 0, 0, 0, 0, 0, 0, 0, 0, 0, 0], [0, 2, 2, 2, 2, 1, 1, 1, 1, 1, 0], [0, 2, 0, 0, 0, 1, 0, 0, 0, 1, 0], [0, 2, 0, 1, 1, 1, 1, 5, 0, 4, 0], [0, 2, 2, 1, 0, 1, 0, 1, 1, 1, 0], [0, 0, 0, 1, 0, 1, 0, 1, 0, 0, 0], [0, 1, 1, 1, 2, 1, 1, 1, 2, 2, 0], [0, 1, 0, 2, 0, 0, 0, 2, 0, 2, 0], [0, 1, 0, 2, 0, 1, 0, 4, 0, 2, 0], [0, 1, 0, 2, 0, 1, 1, 2, 0, 2, 0], [0, 2, 0, 2, 0, 1, 1, 2, 0, 2, 0], [0, 2, 0, 2, 0, 1, 0, 2, 0, 2, 0], [0, 2, 0, 2, 0, 0, 0, 2, 0, 2, 0], [0, 2, 2, 2, 2, 2, 2, 2, 2, 2, 0], [0, 0, 0, 2, 0, 2, 0, 2, 0, 0, 0], [0, 2, 2, 2, 0, 2, 0, 2, 2, 2, 0], [0, 2, 0, 2, 2, 2, 2, 2, 0, 2, 0], [0, 2, 0, 0, 0, 2, 0, 0, 0, 2, 0], [0, 3, 2, 2, 2, 2, 2, 2, 2, 2, 0], [0, 0, 0, 0, 0, 0, 0, 0, 0, 0, 0]]"
2026-05-25T15:55:01.680561,0,North,447.0,False,False,False,"[[0, 0, 0, 0, 0, 0, 0, 0, 0, 0, 0], [0, 2, 2, 2, 2, 1, 1, 1, 1, 1, 0], [0, 2, 0, 0, 0, 1, 0, 0, 0, 1, 0], [0, 2, 0, 1, 1, 1, 1, 1, 0, 1, 0], [0, 2, 2, 1, 0, 1, 0, 5, 1, 4, 0], [0, 0, 0, 1, 0, 1, 0, 1, 0, 0, 0], [0, 1, 1, 1, 2, 1, 1, 1, 2, 2, 0], [0, 1, 0, 2, 0, 0, 0, 4, 0, 2, 0], [0, 1, 0, 2, 0, 1, 0, 2, 0, 2, 0], [0, 1, 0, 2, 0, 1, 1, 2, 0, 2, 0], [0, 2, 0, 2, 0, 1, 1, 2, 0, 2, 0], [0, 2, 0, 2, 0, 1, 0, 2, 0, 2, 0], [0, 2, 0, 2, 0, 0, 0, 2, 0, 2, 0], [0, 2, 2, 2, 2, 2, 2, 2, 2, 2, 0], [0, 0, 0, 2, 0, 2, 0, 2, 0, 0, 0], [0, 2, 2, 2, 0, 2, 0, 2, 2, 2, 0], [0, 2, 0, 2, 2, 2, 2, 2, 0, 2, 0], [0, 2, 0, 0, 0, 2, 0, 0, 0, 2, 0], [0, 3, 2, 2, 2, 2, 2, 2, 2, 2, 0], [0, 0, 0, 0, 0, 0, 0, 0, 0, 0, 0]]"
2026-05-25T15:55:01.703066,0,North,646.0,False,False,False,"[[0, 0, 0, 0, 0, 0, 0, 0, 0, 0, 0], [0, 2, 2, 2, 2, 1, 1, 1, 1, 1, 0], [0, 2, 0, 0, 0, 1, 0, 0, 0, 1, 0], [0, 2, 0, 1, 1, 1, 1, 1, 0, 1, 0], [0, 2, 2, 1, 0, 1, 0, 1, 5, 1, 0], [0, 0, 0, 1, 0, 1, 0, 1, 0, 0, 0], [0, 1, 1, 1, 2, 1, 1, 4, 2, 2, 0], [0, 1, 0, 2, 0, 0, 0, 2, 0, 2, 0], [0, 1, 0, 2, 0, 1, 0, 2, 0, 2, 0], [0, 1, 0, 2, 0, 1, 1, 2, 0, 2, 0], [0, 2, 0, 2, 0, 1, 1, 2, 0, 2, 0], [0, 2, 0, 2, 0, 4, 0, 2, 0, 2, 0], [0, 2, 0, 2, 0, 0, 0, 2, 0, 2, 0], [0, 2, 2, 2, 2, 2, 2, 2, 2, 2, 0], [0, 0, 0, 2, 0, 2, 0, 2, 0, 0, 0], [0, 2, 2, 2, 0, 2, 0, 2, 2, 2, 0], [0, 2, 0, 2, 2, 2, 2, 2, 0, 2, 0], [0, 2, 0, 0, 0, 2, 0, 0, 0, 2, 0], [0, 3, 2, 2, 2, 2, 2, 2, 2, 2, 0], [0, 0, 0, 0, 0, 0, 0, 0, 0, 0, 0]]"
2026-05-25T15:55:01.742305,0,South,645.0,False,False,False,"[[0, 0, 0, 0, 0, 0, 0, 0, 0, 0, 0], [0, 2, 2, 2, 2, 1, 1, 1, 1, 1, 0], [0, 2, 0, 0, 0, 1, 0, 0, 0, 1, 0], [0, 2, 0, 1, 1, 1, 1, 1, 0, 1, 0], [0, 2, 2, 1, 0, 1, 0, 1, 1, 5, 0], [0, 0, 0, 1, 0, 1, 0, 1, 0, 0, 0], [0, 1, 1, 1, 2, 1, 1, 1, 4, 2, 0], [0, 1, 0, 2, 0, 0, 0, 2, 0, 2, 0], [0, 1, 0, 2, 0, 1, 0, 2, 0, 2, 0], [0, 1, 0, 2, 0, 1, 1, 2, 0, 2, 0], [0, 2, 0, 2, 0, 4, 1, 2, 0, 2, 0], [0, 2, 0, 2, 0, 1, 0, 2, 0, 2, 0], [0, 2, 0, 2, 0, 0, 0, 2, 0, 2, 0], [0, 2, 2, 2, 2, 2, 2, 2, 2, 2, 0], [0, 0, 0, 2, 0, 2, 0, 2, 0, 0, 0], [0, 2, 2, 2, 0, 2, 0, 2, 2, 2, 0], [0, 2, 0, 2, 2, 2, 2, 2, 0, 2, 0], [0, 2, 0, 0, 0, 2, 0, 0, 0, 2, 0], [0, 3, 2, 2, 2, 2, 2, 2, 2, 2, 0], [0, 0, 0, 0, 0, 0, 0, 0, 0, 0, 0]]"
2026-05-25T15:55:01.766925,0,South,644.0,False,False,False,"[[0, 0, 0, 0, 0, 0, 0, 0, 0, 0, 0], [0, 2, 2, 2, 2, 1, 1, 1, 1, 1, 0], [0, 2, 0, 0, 0, 1, 0, 0, 0, 1, 0], [0, 2, 0, 1, 1, 1, 1, 1, 0, 1, 0], [0, 2, 2, 1, 0, 1, 0, 1, 5, 1, 0], [0, 0, 0, 1, 0, 1, 0, 1, 0, 0, 0], [0, 1, 1, 1, 2, 1, 1, 1, 2, 4, 0], [0, 1, 0, 2, 0, 0, 0, 2, 0, 2, 0], [0, 1, 0, 2, 0, 1, 0, 2, 0, 2, 0], [0, 1, 0, 2, 0, 4, 1, 2, 0, 2, 0], [0, 2, 0, 2, 0, 1, 1, 2, 0, 2, 0], [0, 2, 0, 2, 0, 1, 0, 2, 0, 2, 0], [0, 2, 0, 2, 0, 0, 0, 2, 0, 2, 0], [0, 2, 2, 2, 2, 2, 2, 2, 2, 2, 0], [0, 0, 0, 2, 0, 2, 0, 2, 0, 0, 0], [0, 2, 2, 2, 0, 2, 0, 2, 2, 2, 0], [0, 2, 0, 2, 2, 2, 2, 2, 0, 2, 0], [0, 2, 0, 0, 0, 2, 0, 0, 0, 2, 0], [0, 3, 2, 2, 2, 2, 2, 2, 2, 2, 0], [0, 0, 0, 0, 0, 0, 0, 0, 0, 0, 0]]"
2026-05-25T15:55:01.789019,0,East,643.0,False,False,False,"[[0, 0, 0, 0, 0, 0, 0, 0, 0, 0, 0], [0, 2, 2, 2, 2, 1, 1, 1, 1, 1, 0], [0, 2, 0, 0, 0, 1, 0, 0, 0, 1, 0], [0, 2, 0, 1, 1, 1, 1, 1, 0, 1, 0], [0, 2, 2, 1, 0, 1, 0, 5, 1, 1, 0], [0, 0, 0, 1, 0, 1, 0, 1, 0, 0, 0], [0, 1, 1, 1, 2, 1, 1, 1, 2, 2, 0], [0, 1, 0, 2, 0, 0, 0, 2, 0, 4, 0], [0, 1, 0, 2, 0, 4, 0, 2, 0, 2, 0], [0, 1, 0, 2, 0, 1, 1, 2, 0, 2, 0], [0, 2, 0, 2, 0, 1, 1, 2, 0, 2, 0], [0, 2, 0, 2, 0, 1, 0, 2, 0, 2, 0], [0, 2, 0, 2, 0, 0, 0, 2, 0, 2, 0], [0, 2, 2, 2, 2, 2, 2, 2, 2, 2, 0], [0, 0, 0, 2, 0, 2, 0, 2, 0, 0, 0], [0, 2, 2, 2, 0, 2, 0, 2, 2, 2, 0], [0, 2, 0, 2, 2, 2, 2, 2, 0, 2, 0], [0, 2, 0, 0, 0, 2, 0, 0, 0, 2, 0], [0, 3, 2, 2, 2, 2, 2, 2, 2, 2, 0], [0, 0, 0, 0, 0, 0, 0, 0, 0, 0, 0]]"
2026-05-25T15:55:01.835988,0,East,642.0,False,False,False,"[[0, 0, 0, 0, 0, 0, 0, 0, 0, 0, 0], [0, 2, 2, 2, 2, 1, 1, 1, 1, 1, 0], [0, 2, 0, 0, 0, 1, 0, 0, 0, 1, 0], [0, 2, 0, 1, 1, 1, 1, 1, 0, 1, 0], [0, 2, 2, 1, 0, 1, 0, 1, 1, 1, 0], [0, 0, 0, 1, 0, 1, 0, 5, 0, 0, 0], [0, 1, 1, 1, 2, 1, 1, 1, 2, 2, 0], [0, 1, 0, 2, 0, 0, 0, 2, 0, 2, 0], [0, 1, 0, 2, 0, 1, 0, 2, 0, 4, 0], [0, 1, 0, 2, 0, 4, 1, 2, 0, 2, 0], [0, 2, 0, 2, 0, 1, 1, 2, 0, 2, 0], [0, 2, 0, 2, 0, 1, 0, 2, 0, 2, 0], [0, 2, 0, 2, 0, 0, 0, 2, 0, 2, 0], [0, 2, 2, 2, 2, 2, 2, 2, 2, 2, 0], [0, 0, 0, 2, 0, 2, 0, 2, 0, 0, 0], [0, 2, 2, 2, 0, 2, 0, 2, 2, 2, 0], [0, 2, 0, 2, 2, 2, 2, 2, 0, 2, 0], [0, 2, 0, 0, 0, 2, 0, 0, 0, 2, 0], [0, 3, 2, 2, 2, 2, 2, 2, 2, 2, 0], [0, 0, 0, 0, 0, 0, 0, 0, 0, 0, 0]]"
2026-05-25T15:55:01.884153,0,North,641.0,False,False,False,"[[0, 0, 0, 0, 0, 0, 0, 0, 0, 0, 0], [0, 2, 2, 2, 2, 1, 1, 1, 1, 1, 0], [0, 2, 0, 0, 0, 1, 0, 0, 0, 1, 0], [0, 2, 0, 1, 1, 1, 1, 1, 0, 1, 0], [0, 2, 2, 1, 0, 1, 0, 1, 1, 1, 0], [0, 0, 0, 1, 0, 1, 0, 1, 0, 0, 0], [0, 1, 1, 1, 2, 1, 1, 5, 2, 2, 0], [0, 1, 0, 2, 0, 0, 0, 2, 0, 2, 0], [0, 1, 0, 2, 0, 1, 0, 2, 0, 2, 0], [0, 1, 0, 2, 0, 1, 4, 2, 0, 4, 0], [0, 2, 0, 2, 0, 1, 1, 2, 0, 2, 0], [0, 2, 0, 2, 0, 1, 0, 2, 0, 2, 0], [0, 2, 0, 2, 0, 0, 0, 2, 0, 2, 0], [0, 2, 2, 2, 2, 2, 2, 2, 2, 2, 0], [0, 0, 0, 2, 0, 2, 0, 2, 0, 0, 0], [0, 2, 2, 2, 0, 2, 0, 2, 2, 2, 0], [0, 2, 0, 2, 2, 2, 2, 2, 0, 2, 0], [0, 2, 0, 0, 0, 2, 0, 0, 0, 2, 0], [0, 3, 2, 2, 2, 2, 2, 2, 2, 2, 0], [0, 0, 0, 0, 0, 0, 0, 0, 0, 0, 0]]"
2026-05-25T15:55:01.904770,0,North,650.0,False,False,False,"[[0, 0, 0, 0, 0, 0, 0, 0, 0, 0, 0], [0, 2, 2, 2, 2, 1, 1, 1, 1, 1, 0], [0, 2, 0, 0, 0, 1, 0, 0, 0, 1, 0], [0, 2, 0, 1, 1, 1, 1, 1, 0, 1, 0], [0, 2, 2, 1, 0, 1, 0, 1, 1, 1, 0], [0, 0, 0, 1, 0, 1, 0, 1, 0, 0, 0], [0, 1, 1, 1, 2, 1, 1, 1, 5, 2, 0], [0, 1, 0, 2, 0, 0, 0, 2, 0, 2, 0], [0, 1, 0, 2, 0, 1, 0, 2, 0, 2, 0], [0, 1, 0, 2, 0, 1, 1, 4, 0, 2, 0], [0, 2, 0, 2, 0, 1, 1, 2, 0, 4, 0], [0, 2, 0, 2, 0, 1, 0, 2, 0, 2, 0], [0, 2, 0, 2, 0, 0, 0, 2, 0, 2, 0], [0, 2, 2, 2, 2, 2, 2, 2, 2, 2, 0], [0, 0, 0, 2, 0, 2, 0, 2, 0, 0, 0], [0, 2, 2, 2, 0, 2, 0, 2, 2, 2, 0], [0, 2, 0, 2, 2, 2, 2, 2, 0, 2, 0], [0, 2, 0, 0, 0, 2, 0, 0, 0, 2, 0], [0, 3, 2, 2, 2, 2, 2, 2, 2, 2, 0], [0, 0, 0, 0, 0, 0, 0, 0, 0, 0, 0]]"
2026-05-25T15:55:01.916629,0,East,659.0,False,False,False,"[[0, 0, 0, 0, 0, 0, 0, 0, 0, 0, 0], [0, 2, 2, 2, 2, 1, 1, 1, 1, 1, 0], [0, 2, 0, 0, 0, 1, 0, 0, 0, 1, 0], [0, 2, 0, 1, 1, 1, 1, 1, 0, 1, 0], [0, 2, 2, 1, 0, 1, 0, 1, 1, 1, 0], [0, 0, 0, 1, 0, 1, 0, 1, 0, 0, 0], [0, 1, 1, 1, 2, 1, 1, 1, 1, 5, 0], [0, 1, 0, 2, 0, 0, 0, 2, 0, 2, 0], [0, 1, 0, 2, 0, 1, 0, 4, 0, 2, 0], [0, 1, 0, 2, 0, 1, 1, 2, 0, 2, 0], [0, 2, 0, 2, 0, 1, 1, 2, 0, 2, 0], [0, 2, 0, 2, 0, 1, 0, 2, 0, 4, 0], [0, 2, 0, 2, 0, 0, 0, 2, 0, 2, 0], [0, 2, 2, 2, 2, 2, 2, 2, 2, 2, 0], [0, 0, 0, 2, 0, 2, 0, 2, 0, 0, 0], [0, 2, 2, 2, 0, 2, 0, 2, 2, 2, 0], [0, 2, 0, 2, 2, 2, 2, 2, 0, 2, 0], [0, 2, 0, 0, 0, 2, 0, 0, 0, 2, 0], [0, 3, 2, 2, 2, 2, 2, 2, 2, 2, 0], [0, 0, 0, 0, 0, 0, 0, 0, 0, 0, 0]]"
2026-05-25T15:55:01.933209,0,East,668.0,False,False,False,"[[0, 0, 0, 0, 0, 0, 0, 0, 0, 0, 0], [0, 2, 2, 2, 2, 1, 1, 1, 1, 1, 0], [0, 2, 0, 0, 0, 1, 0, 0, 0, 1, 0], [0, 2, 0, 1, 1, 1, 1, 1, 0, 1, 0], [0, 2, 2, 1, 0, 1, 0, 1, 1, 1, 0], [0, 0, 0, 1, 0, 1, 0, 1, 0, 0, 0], [0, 1, 1, 1, 2, 1, 1, 1, 1, 1, 0], [0, 1, 0, 2, 0, 0, 0, 4, 0, 5, 0], [0, 1, 0, 2, 0, 1, 0, 2, 0, 2, 0], [0, 1, 0, 2, 0, 1, 1, 2, 0, 2, 0], [0, 2, 0, 2, 0, 1, 1, 2, 0, 2, 0], [0, 2, 0, 2, 0, 1, 0, 2, 0, 2, 0], [0, 2, 0, 2, 0, 0, 0, 2, 0, 4, 0], [0, 2, 2, 2, 2, 2, 2, 2, 2, 2, 0], [0, 0, 0, 2, 0, 2, 0, 2, 0, 0, 0], [0, 2, 2, 2, 0, 2, 0, 2, 2, 2, 0], [0, 2, 0, 2, 2, 2, 2, 2, 0, 2, 0], [0, 2, 0, 0, 0, 2, 0, 0, 0, 2, 0], [0, 3, 2, 2, 2, 2, 2, 2, 2, 2, 0], [0, 0, 0, 0, 0, 0, 0, 0, 0, 0, 0]]"
2026-05-25T15:55:01.987012,0,East,677.0,False,False,False,"[[0, 0, 0, 0, 0, 0, 0, 0, 0, 0, 0], [0, 2, 2, 2, 2, 1, 1, 1, 1, 1, 0], [0, 2, 0, 0, 0, 1, 0, 0, 0, 1, 0], [0, 2, 0, 1, 1, 1, 1, 1, 0, 1, 0], [0, 2, 2, 1, 0, 1, 0, 1, 1, 1, 0], [0, 0, 0, 1, 0, 1, 0, 1, 0, 0, 0], [0, 1, 1, 1, 2, 1, 1, 4, 1, 1, 0], [0, 1, 0, 2, 0, 0, 0, 2, 0, 1, 0], [0, 1, 0, 2, 0, 1, 0, 2, 0, 5, 0], [0, 1, 0, 2, 0, 1, 1, 2, 0, 2, 0], [0, 2, 0, 2, 0, 1, 1, 2, 0, 2, 0], [0, 2, 0, 2, 0, 1, 0, 2, 0, 2, 0], [0, 2, 0, 2, 0, 0, 0, 2, 0, 2, 0], [0, 2, 2, 2, 2, 2, 2, 2, 2, 4, 0], [0, 0, 0, 2, 0, 2, 0, 2, 0, 0, 0], [0, 2, 2, 2, 0, 2, 0, 2, 2, 2, 0], [0, 2, 0, 2, 2, 2, 2, 2, 0, 2, 0], [0, 2, 0, 0, 0, 2, 0, 0, 0, 2, 0], [0, 3, 2, 2, 2, 2, 2, 2, 2, 2, 0], [0, 0, 0, 0, 0, 0, 0, 0, 0, 0, 0]]"
2026-05-25T15:55:02.002067,0,East,686.0,False,False,False,"[[0, 0, 0, 0, 0, 0, 0, 0, 0, 0, 0], [0, 2, 2, 2, 2, 1, 1, 1, 1, 1, 0], [0, 2, 0, 0, 0, 1, 0, 0, 0, 1, 0], [0, 2, 0, 1, 1, 1, 1, 1, 0, 1, 0], [0, 2, 2, 1, 0, 1, 0, 1, 1, 1, 0], [0, 0, 0, 1, 0, 1, 0, 1, 0, 0, 0], [0, 1, 1, 1, 2, 1, 1, 1, 4, 1, 0], [0, 1, 0, 2, 0, 0, 0, 2, 0, 1, 0], [0, 1, 0, 2, 0, 1, 0, 2, 0, 1, 0], [0, 1, 0, 2, 0, 1, 1, 2, 0, 5, 0], [0, 2, 0, 2, 0, 1, 1, 2, 0, 2, 0], [0, 2, 0, 2, 0, 1, 0, 2, 0, 2, 0], [0, 2, 0, 2, 0, 0, 0, 2, 0, 2, 0], [0, 2, 2, 2, 2, 2, 2, 2, 4, 2, 0], [0, 0, 0, 2, 0, 2, 0, 2, 0, 0, 0], [0, 2, 2, 2, 0, 2, 0, 2, 2, 2, 0], [0, 2, 0, 2, 2, 2, 2, 2, 0, 2, 0], [0, 2, 0, 0, 0, 2, 0, 0, 0, 2, 0], [0, 3, 2, 2, 2, 2, 2, 2, 2, 2, 0], [0, 0, 0, 0, 0, 0, 0, 0, 0, 0, 0]]"
2026-05-25T15:55:02.029339,0,East,695.0,False,False,False,"[[0, 0, 0, 0, 0, 0, 0, 0, 0, 0, 0], [0, 2, 2, 2, 2, 1, 1, 1, 1, 1, 0], [0, 2, 0, 0, 0, 1, 0, 0, 0, 1, 0], [0, 2, 0, 1, 1, 1, 1, 1, 0, 1, 0], [0, 2, 2, 1, 0, 1, 0, 1, 1, 1, 0], [0, 0, 0, 1, 0, 1, 0, 1, 0, 0, 0], [0, 1, 1, 1, 2, 1, 1, 1, 1, 4, 0], [0, 1, 0, 2, 0, 0, 0, 2, 0, 1, 0], [0, 1, 0, 2, 0, 1, 0, 2, 0, 1, 0], [0, 1, 0, 2, 0, 1, 1, 2, 0, 1, 0], [0, 2, 0, 2, 0, 1, 1, 2, 0, 5, 0], [0, 2, 0, 2, 0, 1, 0, 2, 0, 2, 0], [0, 2, 0, 2, 0, 0, 0, 2, 0, 2, 0], [0, 2, 2, 2, 2, 2, 2, 4, 2, 2, 0], [0, 0, 0, 2, 0, 2, 0, 2, 0, 0, 0], [0, 2, 2, 2, 0, 2, 0, 2, 2, 2, 0], [0, 2, 0, 2, 2, 2, 2, 2, 0, 2, 0], [0, 2, 0, 0, 0, 2, 0, 0, 0, 2, 0], [0, 3, 2, 2, 2, 2, 2, 2, 2, 2, 0], [0, 0, 0, 0, 0, 0, 0, 0, 0, 0, 0]]"
2026-05-25T15:55:02.042421,0,East,704.0,False,False,False,"[[0, 0, 0, 0, 0, 0, 0, 0, 0, 0, 0], [0, 2, 2, 2, 2, 1, 1, 1, 1, 1, 0], [0, 2, 0, 0, 0, 1, 0, 0, 0, 1, 0], [0, 2, 0, 1, 1, 1, 1, 1, 0, 1, 0], [0, 2, 2, 1, 0, 1, 0, 1, 1, 1, 0], [0, 0, 0, 1, 0, 1, 0, 1, 0, 0, 0], [0, 1, 1, 1, 2, 1, 1, 1, 1, 1, 0], [0, 1, 0, 2, 0, 0, 0, 2, 0, 4, 0], [0, 1, 0, 2, 0, 1, 0, 2, 0, 1, 0], [0, 1, 0, 2, 0, 1, 1, 2, 0, 1, 0], [0, 2, 0, 2, 0, 1, 1, 2, 0, 1, 0], [0, 2, 0, 2, 0, 1, 0, 2, 0, 5, 0], [0, 2, 0, 2, 0, 0, 0, 2, 0, 2, 0], [0, 2, 2, 2, 2, 2, 2, 2, 2, 2, 0], [0, 0, 0, 2, 0, 2, 0, 4, 0, 0, 0], [0, 2, 2, 2, 0, 2, 0, 2, 2, 2, 0], [0, 2, 0, 2, 2, 2, 2, 2, 0, 2, 0], [0, 2, 0, 0, 0, 2, 0, 0, 0, 2, 0], [0, 3, 2, 2, 2, 2, 2, 2, 2, 2, 0], [0, 0, 0, 0, 0, 0, 0, 0, 0, 0, 0]]"
2026-05-25T15:55:02.057967,0,East,713.0,False,False,False,"[[0, 0, 0, 0, 0, 0, 0, 0, 0, 0, 0], [0, 2, 2, 2, 2, 1, 1, 1, 1, 1, 0], [0, 2, 0, 0, 0, 1, 0, 0, 0, 1, 0], [0, 2, 0, 1, 1, 1, 1, 1, 0, 1, 0], [0, 2, 2, 1, 0, 1, 0, 1, 1, 1, 0], [0, 0, 0, 1, 0, 1, 0, 1, 0, 0, 0], [0, 1, 1, 1, 2, 1, 1, 1, 1, 1, 0], [0, 1, 0, 2, 0, 0, 0, 2, 0, 1, 0], [0, 1, 0, 2, 0, 1, 0, 2, 0, 4, 0], [0, 1, 0, 2, 0, 1, 1, 2, 0, 1, 0], [0, 2, 0, 2, 0, 1, 1, 2, 0, 1, 0], [0, 2, 0, 2, 0, 1, 0, 2, 0, 1, 0], [0, 2, 0, 2, 0, 0, 0, 2, 0, 5, 0], [0, 2, 2, 2, 2, 2, 2, 2, 2, 2, 0], [0, 0, 0, 2, 0, 2, 0, 2, 0, 0, 0], [0, 2, 2, 2, 0, 2, 0, 4, 2, 2, 0], [0, 2, 0, 2, 2, 2, 2, 2, 0, 2, 0], [0, 2, 0, 0, 0, 2, 0, 0, 0, 2, 0], [0, 3, 2, 2, 2, 2, 2, 2, 2, 2, 0], [0, 0, 0, 0, 0, 0, 0, 0, 0, 0, 0]]"
2026-05-25T15:55:02.067061,0,South,722.0,False,False,False,"[[0, 0, 0, 0, 0, 0, 0, 0, 0, 0, 0], [0, 2, 2, 2, 2, 1, 1, 1, 1, 1, 0], [0, 2, 0, 0, 0, 1, 0, 0, 0, 1, 0], [0, 2, 0, 1, 1, 1, 1, 1, 0, 1, 0], [0, 2, 2, 1, 0, 1, 0, 1, 1, 1, 0], [0, 0, 0, 1, 0, 1, 0, 1, 0, 0, 0], [0, 1, 1, 1, 2, 1, 1, 1, 1, 1, 0], [0, 1, 0, 2, 0, 0, 0, 2, 0, 1, 0], [0, 1, 0, 2, 0, 1, 0, 2, 0, 1, 0], [0, 1, 0, 2, 0, 1, 1, 2, 0, 4, 0], [0, 2, 0, 2, 0, 1, 1, 2, 0, 1, 0], [0, 2, 0, 2, 0, 1, 0, 2, 0, 1, 0], [0, 2, 0, 2, 0, 0, 0, 2, 0, 1, 0], [0, 2, 2, 2, 2, 2, 2, 2, 2, 5, 0], [0, 0, 0, 2, 0, 2, 0, 2, 0, 0, 0], [0, 2, 2, 2, 0, 2, 0, 2, 4, 2, 0], [0, 2, 0, 2, 2, 2, 2, 2, 0, 2, 0], [0, 2, 0, 0, 0, 2, 0, 0, 0, 2, 0], [0, 3, 2, 2, 2, 2, 2, 2, 2, 2, 0], [0, 0, 0, 0, 0, 0, 0, 0, 0, 0, 0]]"
2026-05-25T15:55:02.077796,0,South,731.0,False,False,False,"[[0, 0, 0, 0, 0, 0, 0, 0, 0, 0, 0], [0, 2, 2, 2, 2, 1, 1, 1, 1, 1, 0], [0, 2, 0, 0, 0, 1, 0, 0, 0, 1, 0], [0, 2, 0, 1, 1, 1, 1, 1, 0, 1, 0], [0, 2, 2, 1, 0, 1, 0, 1, 1, 1, 0], [0, 0, 0, 1, 0, 1, 0, 1, 0, 0, 0], [0, 1, 1, 1, 2, 1, 1, 1, 1, 1, 0], [0, 1, 0, 2, 0, 0, 0, 2, 0, 1, 0], [0, 1, 0, 2, 0, 1, 0, 2, 0, 1, 0], [0, 1, 0, 2, 0, 1, 1, 2, 0, 1, 0], [0, 2, 0, 2, 0, 1, 1, 2, 0, 4, 0], [0, 2, 0, 2, 0, 1, 0, 2, 0, 1, 0], [0, 2, 0, 2, 0, 0, 0, 2, 0, 1, 0], [0, 2, 2, 2, 2, 2, 2, 2, 5, 1, 0], [0, 0, 0, 2, 0, 2, 0, 2, 0, 0, 0], [0, 2, 2, 2, 0, 2, 0, 2, 2, 4, 0], [0, 2, 0, 2, 2, 2, 2, 2, 0, 2, 0], [0, 2, 0, 0, 0, 2, 0, 0, 0, 2, 0], [0, 3, 2, 2, 2, 2, 2, 2, 2, 2, 0], [0, 0, 0, 0, 0, 0, 0, 0, 0, 0, 0]]"
2026-05-25T15:55:02.096176,0,South,740.0,False,False,False,"[[0, 0, 0, 0, 0, 0, 0, 0, 0, 0, 0], [0, 2, 2, 2, 2, 1, 1, 1, 1, 1, 0], [0, 2, 0, 0, 0, 1, 0, 0, 0, 1, 0], [0, 2, 0, 1, 1, 1, 1, 1, 0, 1, 0], [0, 2, 2, 1, 0, 1, 0, 1, 1, 1, 0], [0, 0, 0, 1, 0, 1, 0, 1, 0, 0, 0], [0, 1, 1, 1, 2, 1, 1, 1, 1, 1, 0], [0, 1, 0, 2, 0, 0, 0, 2, 0, 1, 0], [0, 1, 0, 2, 0, 1, 0, 2, 0, 1, 0], [0, 1, 0, 2, 0, 1, 1, 2, 0, 1, 0], [0, 2, 0, 2, 0, 1, 1, 2, 0, 1, 0], [0, 2, 0, 2, 0, 1, 0, 2, 0, 4, 0], [0, 2, 0, 2, 0, 0, 0, 2, 0, 1, 0], [0, 2, 2, 2, 2, 2, 2, 5, 1, 1, 0], [0, 0, 0, 2, 0, 2, 0, 2, 0, 0, 0], [0, 2, 2, 2, 0, 2, 0, 2, 2, 2, 0], [0, 2, 0, 2, 2, 2, 2, 2, 0, 4, 0], [0, 2, 0, 0, 0, 2, 0, 0, 0, 2, 0], [0, 3, 2, 2, 2, 2, 2, 2, 2, 2, 0], [0, 0, 0, 0, 0, 0, 0, 0, 0, 0, 0]]"
2026-05-25T15:55:02.108507,0,South,749.0,False,False,False,"[[0, 0, 0, 0, 0, 0, 0, 0, 0, 0, 0], [0, 2, 2, 2, 2, 1, 1, 1, 1, 1, 0], [0, 2, 0, 0, 0, 1, 0, 0, 0, 1, 0], [0, 2, 0, 1, 1, 1, 1, 1, 0, 1, 0], [0, 2, 2, 1, 0, 1, 0, 1, 1, 1, 0], [0, 0, 0, 1, 0, 1, 0, 1, 0, 0, 0], [0, 1, 1, 1, 2, 1, 1, 1, 1, 1, 0], [0, 1, 0, 2, 0, 0, 0, 2, 0, 1, 0], [0, 1, 0, 2, 0, 1, 0, 2, 0, 1, 0], [0, 1, 0, 2, 0, 1, 1, 2, 0, 1, 0], [0, 2, 0, 2, 0, 1, 1, 2, 0, 1, 0], [0, 2, 0, 2, 0, 1, 0, 2, 0, 1, 0], [0, 2, 0, 2, 0, 0, 0, 2, 0, 4, 0], [0, 2, 2, 2, 2, 2, 5, 1, 1, 1, 0], [0, 0, 0, 2, 0, 2, 0, 2, 0, 0, 0], [0, 2, 2, 2, 0, 2, 0, 2, 2, 2, 0], [0, 2, 0, 2, 2, 2, 2, 2, 0, 2, 0], [0, 2, 0, 0, 0, 2, 0, 0, 0, 4, 0], [0, 3, 2, 2, 2, 2, 2, 2, 2, 2, 0], [0, 0, 0, 0, 0, 0, 0, 0, 0, 0, 0]]"
2026-05-25T15:55:02.126727,0,East,758.0,False,False,False,"[[0, 0, 0, 0, 0, 0, 0, 0, 0, 0, 0], [0, 2, 2, 2, 2, 1, 1, 1, 1, 1, 0], [0, 2, 0, 0, 0, 1, 0, 0, 0, 1, 0], [0, 2, 0, 1, 1, 1, 1, 1, 0, 1, 0], [0, 2, 2, 1, 0, 1, 0, 1, 1, 1, 0], [0, 0, 0, 1, 0, 1, 0, 1, 0, 0, 0], [0, 1, 1, 1, 2, 1, 1, 1, 1, 1, 0], [0, 1, 0, 2, 0, 0, 0, 2, 0, 1, 0], [0, 1, 0, 2, 0, 1, 0, 2, 0, 1, 0], [0, 1, 0, 2, 0, 1, 1, 2, 0, 1, 0], [0, 2, 0, 2, 0, 1, 1, 2, 0, 1, 0], [0, 2, 0, 2, 0, 1, 0, 2, 0, 1, 0], [0, 2, 0, 2, 0, 0, 0, 2, 0, 1, 0], [0, 2, 2, 2, 2, 5, 1, 1, 1, 4, 0], [0, 0, 0, 2, 0, 2, 0, 2, 0, 0, 0], [0, 2, 2, 2, 0, 2, 0, 2, 2, 2, 0], [0, 2, 0, 2, 2, 2, 2, 2, 0, 2, 0], [0, 2, 0, 0, 0, 2, 0, 0, 0, 2, 0], [0, 3, 2, 2, 2, 2, 2, 2, 2, 4, 0], [0, 0, 0, 0, 0, 0, 0, 0, 0, 0, 0]]"
2026-05-25T15:55:02.155969,0,East,767.0,False,False,False,"[[0, 0, 0, 0, 0, 0, 0, 0, 0, 0, 0], [0, 2, 2, 2, 2, 1, 1, 1, 1, 1, 0], [0, 2, 0, 0, 0, 1, 0, 0, 0, 1, 0], [0, 2, 0, 1, 1, 1, 1, 1, 0, 1, 0], [0, 2, 2, 1, 0, 1, 0, 1, 1, 1, 0], [0, 0, 0, 1, 0, 1, 0, 1, 0, 0, 0], [0, 1, 1, 1, 2, 1, 1, 1, 1, 1, 0], [0, 1, 0, 2, 0, 0, 0, 2, 0, 1, 0], [0, 1, 0, 2, 0, 1, 0, 2, 0, 1, 0], [0, 1, 0, 2, 0, 1, 1, 2, 0, 1, 0], [0, 2, 0, 2, 0, 1, 1, 2, 0, 1, 0], [0, 2, 0, 2, 0, 1, 0, 2, 0, 1, 0], [0, 2, 0, 2, 0, 0, 0, 2, 0, 1, 0], [0, 2, 2, 2, 2, 1, 1, 1, 4, 1, 0], [0, 0, 0, 2, 0, 5, 0, 2, 0, 0, 0], [0, 2, 2, 2, 0, 2, 0, 2, 2, 2, 0], [0, 2, 0, 2, 2, 2, 2, 2, 0, 2, 0], [0, 2, 0, 0, 0, 2, 0, 0, 0, 2, 0], [0, 3, 2, 2, 2, 2, 2, 2, 4, 2, 0], [0, 0, 0, 0, 0, 0, 0, 0, 0, 0, 0]]"
2026-05-25T15:55:02.197104,0,East,776.0,False,False,False,"[[0, 0, 0, 0, 0, 0, 0, 0, 0, 0, 0], [0, 2, 2, 2, 2, 1, 1, 1, 1, 1, 0], [0, 2, 0, 0, 0, 1, 0, 0, 0, 1, 0], [0, 2, 0, 1, 1, 1, 1, 1, 0, 1, 0], [0, 2, 2, 1, 0, 1, 0, 1, 1, 1, 0], [0, 0, 0, 1, 0, 1, 0, 1, 0, 0, 0], [0, 1, 1, 1, 2, 1, 1, 1, 1, 1, 0], [0, 1, 0, 2, 0, 0, 0, 2, 0, 1, 0], [0, 1, 0, 2, 0, 1, 0, 2, 0, 1, 0], [0, 1, 0, 2, 0, 1, 1, 2, 0, 1, 0], [0, 2, 0, 2, 0, 1, 1, 2, 0, 1, 0], [0, 2, 0, 2, 0, 1, 0, 2, 0, 1, 0], [0, 2, 0, 2, 0, 0, 0, 2, 0, 1, 0], [0, 2, 2, 2, 2, 1, 1, 4, 1, 1, 0], [0, 0, 0, 2, 0, 1, 0, 2, 0, 0, 0], [0, 2, 2, 2, 0, 5, 0, 2, 2, 2, 0], [0, 2, 0, 2, 2, 2, 2, 2, 0, 2, 0], [0, 2, 0, 0, 0, 2, 0, 0, 0, 2, 0], [0, 3, 2, 2, 2, 2, 2, 4, 2, 2, 0], [0, 0, 0, 0, 0, 0, 0, 0, 0, 0, 0]]"
2026-05-25T15:55:02.215360,0,South,785.0,False,False,False,"[[0, 0, 0, 0, 0, 0, 0, 0, 0, 0, 0], [0, 2, 2, 2, 2, 1, 1, 1, 1, 1, 0], [0, 2, 0, 0, 0, 1, 0, 0, 0, 1, 0], [0, 2, 0, 1, 1, 1, 1, 1, 0, 1, 0], [0, 2, 2, 1, 0, 1, 0, 1, 1, 1, 0], [0, 0, 0, 1, 0, 1, 0, 1, 0, 0, 0], [0, 1, 1, 1, 2, 1, 1, 1, 1, 1, 0], [0, 1, 0, 2, 0, 0, 0, 2, 0, 1, 0], [0, 1, 0, 2, 0, 1, 0, 2, 0, 1, 0], [0, 1, 0, 2, 0, 1, 1, 2, 0, 1, 0], [0, 2, 0, 2, 0, 1, 1, 2, 0, 1, 0], [0, 2, 0, 2, 0, 1, 0, 2, 0, 1, 0], [0, 2, 0, 2, 0, 0, 0, 2, 0, 1, 0], [0, 2, 2, 2, 2, 1, 1, 1, 1, 1, 0], [0, 0, 0, 2, 0, 1, 0, 4, 0, 0, 0], [0, 2, 2, 2, 0, 1, 0, 2, 2, 2, 0], [0, 2, 0, 2, 2, 5, 2, 2, 0, 2, 0], [0, 2, 0, 0, 0, 2, 0, 0, 0, 2, 0], [0, 3, 2, 2, 2, 2, 4, 2, 2, 2, 0], [0, 0, 0, 0, 0, 0, 0, 0, 0, 0, 0]]"
2026-05-25T15:55:02.235849,0,South,794.0,False,False,False,"[[0, 0, 0, 0, 0, 0, 0, 0, 0, 0, 0], [0, 2, 2, 2, 2, 1, 1, 1, 1, 1, 0], [0, 2, 0, 0, 0, 1, 0, 0, 0, 1, 0], [0, 2, 0, 1, 1, 1, 1, 1, 0, 1, 0], [0, 2, 2, 1, 0, 1, 0, 1, 1, 1, 0], [0, 0, 0, 1, 0, 1, 0, 1, 0, 0, 0], [0, 1, 1, 1, 2, 1, 1, 1, 1, 1, 0], [0, 1, 0, 2, 0, 0, 0, 2, 0, 1, 0], [0, 1, 0, 2, 0, 1, 0, 2, 0, 1, 0], [0, 1, 0, 2, 0, 1, 1, 2, 0, 1, 0], [0, 2, 0, 2, 0, 1, 1, 2, 0, 1, 0], [0, 2, 0, 2, 0, 1, 0, 2, 0, 1, 0], [0, 2, 0, 2, 0, 0, 0, 2, 0, 1, 0], [0, 2, 2, 2, 2, 1, 1, 1, 1, 1, 0], [0, 0, 0, 2, 0, 1, 0, 2, 0, 0, 0], [0, 2, 2, 2, 0, 1, 0, 4, 2, 2, 0], [0, 2, 0, 2, 5, 1, 2, 2, 0, 2, 0], [0, 2, 0, 0, 0, 2, 0, 0, 0, 2, 0], [0, 3, 2, 2, 2, 4, 2, 2, 2, 2, 0], [0, 0, 0, 0, 0, 0, 0, 0, 0, 0, 0]]"
2026-05-25T15:55:02.248281,0,West,803.0,False,False,False,"[[0, 0, 0, 0, 0, 0, 0, 0, 0, 0, 0], [0, 2, 2, 2, 2, 1, 1, 1, 1, 1, 0], [0, 2, 0, 0, 0, 1, 0, 0, 0, 1, 0], [0, 2, 0, 1, 1, 1, 1, 1, 0, 1, 0], [0, 2, 2, 1, 0, 1, 0, 1, 1, 1, 0], [0, 0, 0, 1, 0, 1, 0, 1, 0, 0, 0], [0, 1, 1, 1, 2, 1, 1, 1, 1, 1, 0], [0, 1, 0, 2, 0, 0, 0, 2, 0, 1, 0], [0, 1, 0, 2, 0, 1, 0, 2, 0, 1, 0], [0, 1, 0, 2, 0, 1, 1, 2, 0, 1, 0], [0, 2, 0, 2, 0, 1, 1, 2, 0, 1, 0], [0, 2, 0, 2, 0, 1, 0, 2, 0, 1, 0], [0, 2, 0, 2, 0, 0, 0, 2, 0, 1, 0], [0, 2, 2, 2, 2, 1, 1, 1, 1, 1, 0], [0, 0, 0, 2, 0, 1, 0, 2, 0, 0, 0], [0, 2, 2, 2, 0, 1, 0, 2, 2, 2, 0], [0, 2, 0, 5, 1, 1, 2, 4, 0, 2, 0], [0, 2, 0, 0, 0, 4, 0, 0, 0, 2, 0], [0, 3, 2, 2, 2, 2, 2, 2, 2, 2, 0], [0, 0, 0, 0, 0, 0, 0, 0, 0, 0, 0]]"
2026-05-25T15:55:02.268271,0,West,812.0,False,False,False,"[[0, 0, 0, 0, 0, 0, 0, 0, 0, 0, 0], [0, 2, 2, 2, 2, 1, 1, 1, 1, 1, 0], [0, 2, 0, 0, 0, 1, 0, 0, 0, 1, 0], [0, 2, 0, 1, 1, 1, 1, 1, 0, 1, 0], [0, 2, 2, 1, 0, 1, 0, 1, 1, 1, 0], [0, 0, 0, 1, 0, 1, 0, 1, 0, 0, 0], [0, 1, 1, 1, 2, 1, 1, 1, 1, 1, 0], [0, 1, 0, 2, 0, 0, 0, 2, 0, 1, 0], [0, 1, 0, 2, 0, 1, 0, 2, 0, 1, 0], [0, 1, 0, 2, 0, 1, 1, 2, 0, 1, 0], [0, 2, 0, 2, 0, 1, 1, 2, 0, 1, 0], [0, 2, 0, 2, 0, 1, 0, 2, 0, 1, 0], [0, 2, 0, 2, 0, 0, 0, 2, 0, 1, 0], [0, 2, 2, 2, 2, 1, 1, 1, 1, 1, 0], [0, 0, 0, 2, 0, 1, 0, 2, 0, 0, 0], [0, 2, 2, 5, 0, 1, 0, 2, 2, 2, 0], [0, 2, 0, 1, 1, 4, 4, 2, 0, 2, 0], [0, 2, 0, 0, 0, 2, 0, 0, 0, 2, 0], [0, 3, 2, 2, 2, 2, 2, 2, 2, 2, 0], [0, 0, 0, 0, 0, 0, 0, 0, 0, 0, 0]]"
2026-05-25T15:55:02.291310,0,West,821.0,False,False,False,"[[0, 0, 0, 0, 0, 0, 0, 0, 0, 0, 0], [0, 2, 2, 2, 2, 1, 1, 1, 1, 1, 0], [0, 2, 0, 0, 0, 1, 0, 0, 0, 1, 0], [0, 2, 0, 1, 1, 1, 1, 1, 0, 1, 0], [0, 2, 2, 1, 0, 1, 0, 1, 1, 1, 0], [0, 0, 0, 1, 0, 1, 0, 1, 0, 0, 0], [0, 1, 1, 1, 2, 1, 1, 1, 1, 1, 0], [0, 1, 0, 2, 0, 0, 0, 2, 0, 1, 0], [0, 1, 0, 2, 0, 1, 0, 2, 0, 1, 0], [0, 1, 0, 2, 0, 1, 1, 2, 0, 1, 0], [0, 2, 0, 2, 0, 1, 1, 2, 0, 1, 0], [0, 2, 0, 2, 0, 1, 0, 2, 0, 1, 0], [0, 2, 0, 2, 0, 0, 0, 2, 0, 1, 0], [0, 2, 2, 2, 2, 1, 1, 1, 1, 1, 0], [0, 0, 0, 5, 0, 1, 0, 2, 0, 0, 0], [0, 2, 2, 1, 0, 4, 0, 2, 2, 2, 0], [0, 2, 0, 1, 1, 4, 2, 2, 0, 2, 0], [0, 2, 0, 0, 0, 2, 0, 0, 0, 2, 0], [0, 3, 2, 2, 2, 2, 2, 2, 2, 2, 0], [0, 0, 0, 0, 0, 0, 0, 0, 0, 0, 0]]"
2026-05-25T15:55:02.313320,0,South,830.0,False,False,False,"[[0, 0, 0, 0, 0, 0, 0, 0, 0, 0, 0], [0, 2, 2, 2, 2, 1, 1, 1, 1, 1, 0], [0, 2, 0, 0, 0, 1, 0, 0, 0, 1, 0], [0, 2, 0, 1, 1, 1, 1, 1, 0, 1, 0], [0, 2, 2, 1, 0, 1, 0, 1, 1, 1, 0], [0, 0, 0, 1, 0, 1, 0, 1, 0, 0, 0], [0, 1, 1, 1, 2, 1, 1, 1, 1, 1, 0], [0, 1, 0, 2, 0, 0, 0, 2, 0, 1, 0], [0, 1, 0, 2, 0, 1, 0, 2, 0, 1, 0], [0, 1, 0, 2, 0, 1, 1, 2, 0, 1, 0], [0, 2, 0, 2, 0, 1, 1, 2, 0, 1, 0], [0, 2, 0, 2, 0, 1, 0, 2, 0, 1, 0], [0, 2, 0, 2, 0, 0, 0, 2, 0, 1, 0], [0, 2, 2, 5, 2, 1, 1, 1, 1, 1, 0], [0, 0, 0, 1, 0, 4, 0, 2, 0, 0, 0], [0, 2, 2, 1, 0, 4, 0, 2, 2, 2, 0], [0, 2, 0, 1, 1, 1, 2, 2, 0, 2, 0], [0, 2, 0, 0, 0, 2, 0, 0, 0, 2, 0], [0, 3, 2, 2, 2, 2, 2, 2, 2, 2, 0], [0, 0, 0, 0, 0, 0, 0, 0, 0, 0, 0]]"
2026-05-25T15:55:02.358295,0,South,839.0,False,False,False,"[[0, 0, 0, 0, 0, 0, 0, 0, 0, 0, 0], [0, 2, 2, 2, 2, 1, 1, 1, 1, 1, 0], [0, 2, 0, 0, 0, 1, 0, 0, 0, 1, 0], [0, 2, 0, 1, 1, 1, 1, 1, 0, 1, 0], [0, 2, 2, 1, 0, 1, 0, 1, 1, 1, 0], [0, 0, 0, 1, 0, 1, 0, 1, 0, 0, 0], [0, 1, 1, 1, 2, 1, 1, 1, 1, 1, 0], [0, 1, 0, 2, 0, 0, 0, 2, 0, 1, 0], [0, 1, 0, 2, 0, 1, 0, 2, 0, 1, 0], [0, 1, 0, 2, 0, 1, 1, 2, 0, 1, 0], [0, 2, 0, 2, 0, 1, 1, 2, 0, 1, 0], [0, 2, 0, 2, 0, 1, 0, 2, 0, 1, 0], [0, 2, 0, 2, 0, 0, 0, 2, 0, 1, 0], [0, 2, 5, 1, 2, 4, 1, 1, 1, 1, 0], [0, 0, 0, 1, 0, 4, 0, 2, 0, 0, 0], [0, 2, 2, 1, 0, 1, 0, 2, 2, 2, 0], [0, 2, 0, 1, 1, 1, 2, 2, 0, 2, 0], [0, 2, 0, 0, 0, 2, 0, 0, 0, 2, 0], [0, 3, 2, 2, 2, 2, 2, 2, 2, 2, 0], [0, 0, 0, 0, 0, 0, 0, 0, 0, 0, 0]]"
2026-05-25T15:55:02.376943,0,West,848.0,False,False,False,"[[0, 0, 0, 0, 0, 0, 0, 0, 0, 0, 0], [0, 2, 2, 2, 2, 1, 1, 1, 1, 1, 0], [0, 2, 0, 0, 0, 1, 0, 0, 0, 1, 0], [0, 2, 0, 1, 1, 1, 1, 1, 0, 1, 0], [0, 2, 2, 1, 0, 1, 0, 1, 1, 1, 0], [0, 0, 0, 1, 0, 1, 0, 1, 0, 0, 0], [0, 1, 1, 1, 2, 1, 1, 1, 1, 1, 0], [0, 1, 0, 2, 0, 0, 0, 2, 0, 1, 0], [0, 1, 0, 2, 0, 1, 0, 2, 0, 1, 0], [0, 1, 0, 2, 0, 1, 1, 2, 0, 1, 0], [0, 2, 0, 2, 0, 1, 1, 2, 0, 1, 0], [0, 2, 0, 2, 0, 1, 0, 2, 0, 1, 0], [0, 2, 0, 2, 0, 0, 0, 2, 0, 1, 0], [0, 5, 1, 1, 4, 4, 1, 1, 1, 1, 0], [0, 0, 0, 1, 0, 1, 0, 2, 0, 0, 0], [0, 2, 2, 1, 0, 1, 0, 2, 2, 2, 0], [0, 2, 0, 1, 1, 1, 2, 2, 0, 2, 0], [0, 2, 0, 0, 0, 2, 0, 0, 0, 2, 0], [0, 3, 2, 2, 2, 2, 2, 2, 2, 2, 0], [0, 0, 0, 0, 0, 0, 0, 0, 0, 0, 0]]"
2026-05-25T15:55:02.396299,0,West,857.0,False,False,False,"[[0, 0, 0, 0, 0, 0, 0, 0, 0, 0, 0], [0, 2, 2, 2, 2, 1, 1, 1, 1, 1, 0], [0, 2, 0, 0, 0, 1, 0, 0, 0, 1, 0], [0, 2, 0, 1, 1, 1, 1, 1, 0, 1, 0], [0, 2, 2, 1, 0, 1, 0, 1, 1, 1, 0], [0, 0, 0, 1, 0, 1, 0, 1, 0, 0, 0], [0, 1, 1, 1, 2, 1, 1, 1, 1, 1, 0], [0, 1, 0, 2, 0, 0, 0, 2, 0, 1, 0], [0, 1, 0, 2, 0, 1, 0, 2, 0, 1, 0], [0, 1, 0, 2, 0, 1, 1, 2, 0, 1, 0], [0, 2, 0, 2, 0, 1, 1, 2, 0, 1, 0], [0, 2, 0, 2, 0, 1, 0, 2, 0, 1, 0], [0, 5, 0, 2, 0, 0, 0, 2, 0, 1, 0], [0, 1, 1, 4, 4, 1, 1, 1, 1, 1, 0], [0, 0, 0, 1, 0, 1, 0, 2, 0, 0, 0], [0, 2, 2, 1, 0, 1, 0, 2, 2, 2, 0], [0, 2, 0, 1, 1, 1, 2, 2, 0, 2, 0], [0, 2, 0, 0, 0, 2, 0, 0, 0, 2, 0], [0, 3, 2, 2, 2, 2, 2, 2, 2, 2, 0], [0, 0, 0, 0, 0, 0, 0, 0, 0, 0, 0]]"
2026-05-25T15:55:02.405681,0,West,866.0,False,False,False,"[[0, 0, 0, 0, 0, 0, 0, 0, 0, 0, 0], [0, 2, 2, 2, 2, 1, 1, 1, 1, 1, 0], [0, 2, 0, 0, 0, 1, 0, 0, 0, 1, 0], [0, 2, 0, 1, 1, 1, 1, 1, 0, 1, 0], [0, 2, 2, 1, 0, 1, 0, 1, 1, 1, 0], [0, 0, 0, 1, 0, 1, 0, 1, 0, 0, 0], [0, 1, 1, 1, 2, 1, 1, 1, 1, 1, 0], [0, 1, 0, 2, 0, 0, 0, 2, 0, 1, 0], [0, 1, 0, 2, 0, 1, 0, 2, 0, 1, 0], [0, 1, 0, 2, 0, 1, 1, 2, 0, 1, 0], [0, 2, 0, 2, 0, 1, 1, 2, 0, 1, 0], [0, 5, 0, 2, 0, 1, 0, 2, 0, 1, 0], [0, 1, 0, 2, 0, 0, 0, 2, 0, 1, 0], [0, 1, 4, 4, 2, 1, 1, 1, 1, 1, 0], [0, 0, 0, 1, 0, 1, 0, 2, 0, 0, 0], [0, 2, 2, 1, 0, 1, 0, 2, 2, 2, 0], [0, 2, 0, 1, 1, 1, 2, 2, 0, 2, 0], [0, 2, 0, 0, 0, 2, 0, 0, 0, 2, 0], [0, 3, 2, 2, 2, 2, 2, 2, 2, 2, 0], [0, 0, 0, 0, 0, 0, 0, 0, 0, 0, 0]]"
2026-05-25T15:55:02.412946,0,West,875.0,False,False,False,"[[0, 0, 0, 0, 0, 0, 0, 0, 0, 0, 0], [0, 2, 2, 2, 2, 1, 1, 1, 1, 1, 0], [0, 2, 0, 0, 0, 1, 0, 0, 0, 1, 0], [0, 2, 0, 1, 1, 1, 1, 1, 0, 1, 0], [0, 2, 2, 1, 0, 1, 0, 1, 1, 1, 0], [0, 0, 0, 1, 0, 1, 0, 1, 0, 0, 0], [0, 1, 1, 1, 2, 1, 1, 1, 1, 1, 0], [0, 1, 0, 2, 0, 0, 0, 2, 0, 1, 0], [0, 1, 0, 2, 0, 1, 0, 2, 0, 1, 0], [0, 1, 0, 2, 0, 1, 1, 2, 0, 1, 0], [0, 5, 0, 2, 0, 1, 1, 2, 0, 1, 0], [0, 1, 0, 2, 0, 1, 0, 2, 0, 1, 0], [0, 1, 0, 2, 0, 0, 0, 2, 0, 1, 0], [0, 4, 4, 1, 2, 1, 1, 1, 1, 1, 0], [0, 0, 0, 1, 0, 1, 0, 2, 0, 0, 0], [0, 2, 2, 1, 0, 1, 0, 2, 2, 2, 0], [0, 2, 0, 1, 1, 1, 2, 2, 0, 2, 0], [0, 2, 0, 0, 0, 2, 0, 0, 0, 2, 0], [0, 3, 2, 2, 2, 2, 2, 2, 2, 2, 0], [0, 0, 0, 0, 0, 0, 0, 0, 0, 0, 0]]"
2026-05-25T15:55:02.419224,0,West,874.0,False,False,False,"[[0, 0, 0, 0, 0, 0, 0, 0, 0, 0, 0], [0, 2, 2, 2, 2, 1, 1, 1, 1, 1, 0], [0, 2, 0, 0, 0, 1, 0, 0, 0, 1, 0], [0, 2, 0, 1, 1, 1, 1, 1, 0, 1, 0], [0, 2, 2, 1, 0, 1, 0, 1, 1, 1, 0], [0, 0, 0, 1, 0, 1, 0, 1, 0, 0, 0], [0, 1, 1, 1, 2, 1, 1, 1, 1, 1, 0], [0, 1, 0, 2, 0, 0, 0, 2, 0, 1, 0], [0, 1, 0, 2, 0, 1, 0, 2, 0, 1, 0], [0, 5, 0, 2, 0, 1, 1, 2, 0, 1, 0], [0, 1, 0, 2, 0, 1, 1, 2, 0, 1, 0], [0, 1, 0, 2, 0, 1, 0, 2, 0, 1, 0], [0, 4, 0, 2, 0, 0, 0, 2, 0, 1, 0], [0, 4, 1, 1, 2, 1, 1, 1, 1, 1, 0], [0, 0, 0, 1, 0, 1, 0, 2, 0, 0, 0], [0, 2, 2, 1, 0, 1, 0, 2, 2, 2, 0], [0, 2, 0, 1, 1, 1, 2, 2, 0, 2, 0], [0, 2, 0, 0, 0, 2, 0, 0, 0, 2, 0], [0, 3, 2, 2, 2, 2, 2, 2, 2, 2, 0], [0, 0, 0, 0, 0, 0, 0, 0, 0, 0, 0]]"
2026-05-25T15:55:02.425434,0,West,873.0,False,False,False,"[[0, 0, 0, 0, 0, 0, 0, 0, 0, 0, 0], [0, 2, 2, 2, 2, 1, 1, 1, 1, 1, 0], [0, 2, 0, 0, 0, 1, 0, 0, 0, 1, 0], [0, 2, 0, 1, 1, 1, 1, 1, 0, 1, 0], [0, 2, 2, 1, 0, 1, 0, 1, 1, 1, 0], [0, 0, 0, 1, 0, 1, 0, 1, 0, 0, 0], [0, 1, 1, 1, 2, 1, 1, 1, 1, 1, 0], [0, 1, 0, 2, 0, 0, 0, 2, 0, 1, 0], [0, 5, 0, 2, 0, 1, 0, 2, 0, 1, 0], [0, 1, 0, 2, 0, 1, 1, 2, 0, 1, 0], [0, 1, 0, 2, 0, 1, 1, 2, 0, 1, 0], [0, 4, 0, 2, 0, 1, 0, 2, 0, 1, 0], [0, 4, 0, 2, 0, 0, 0, 2, 0, 1, 0], [0, 1, 1, 1, 2, 1, 1, 1, 1, 1, 0], [0, 0, 0, 1, 0, 1, 0, 2, 0, 0, 0], [0, 2, 2, 1, 0, 1, 0, 2, 2, 2, 0], [0, 2, 0, 1, 1, 1, 2, 2, 0, 2, 0], [0, 2, 0, 0, 0, 2, 0, 0, 0, 2, 0], [0, 3, 2, 2, 2, 2, 2, 2, 2, 2, 0], [0, 0, 0, 0, 0, 0, 0, 0, 0, 0, 0]]"
2026-05-25T15:55:02.432033,0,West,872.0,False,False,False,"[[0, 0, 0, 0, 0, 0, 0, 0, 0, 0, 0], [0, 2, 2, 2, 2, 1, 1, 1, 1, 1, 0], [0, 2, 0, 0, 0, 1, 0, 0, 0, 1, 0], [0, 2, 0, 1, 1, 1, 1, 1, 0, 1, 0], [0, 2, 2, 1, 0, 1, 0, 1, 1, 1, 0], [0, 0, 0, 1, 0, 1, 0, 1, 0, 0, 0], [0, 1, 1, 1, 2, 1, 1, 1, 1, 1, 0], [0, 5, 0, 2, 0, 0, 0, 2, 0, 1, 0], [0, 1, 0, 2, 0, 1, 0, 2, 0, 1, 0], [0, 1, 0, 2, 0, 1, 1, 2, 0, 1, 0], [0, 4, 0, 2, 0, 1, 1, 2, 0, 1, 0], [0, 4, 0, 2, 0, 1, 0, 2, 0, 1, 0], [0, 1, 0, 2, 0, 0, 0, 2, 0, 1, 0], [0, 1, 1, 1, 2, 1, 1, 1, 1, 1, 0], [0, 0, 0, 1, 0, 1, 0, 2, 0, 0, 0], [0, 2, 2, 1, 0, 1, 0, 2, 2, 2, 0], [0, 2, 0, 1, 1, 1, 2, 2, 0, 2, 0], [0, 2, 0, 0, 0, 2, 0, 0, 0, 2, 0], [0, 3, 2, 2, 2, 2, 2, 2, 2, 2, 0], [0, 0, 0, 0, 0, 0, 0, 0, 0, 0, 0]]"
2026-05-25T15:55:02.438766,0,North,871.0,False,False,False,"[[0, 0, 0, 0, 0, 0, 0, 0, 0, 0, 0], [0, 2, 2, 2, 2, 1, 1, 1, 1, 1, 0], [0, 2, 0, 0, 0, 1, 0, 0, 0, 1, 0], [0, 2, 0, 1, 1, 1, 1, 1, 0, 1, 0], [0, 2, 2, 1, 0, 1, 0, 1, 1, 1, 0], [0, 0, 0, 1, 0, 1, 0, 1, 0, 0, 0], [0, 5, 1, 1, 2, 1, 1, 1, 1, 1, 0], [0, 1, 0, 2, 0, 0, 0, 2, 0, 1, 0], [0, 1, 0, 2, 0, 1, 0, 2, 0, 1, 0], [0, 4, 0, 2, 0, 1, 1, 2, 0, 1, 0], [0, 4, 0, 2, 0, 1, 1, 2, 0, 1, 0], [0, 1, 0, 2, 0, 1, 0, 2, 0, 1, 0], [0, 1, 0, 2, 0, 0, 0, 2, 0, 1, 0], [0, 1, 1, 1, 2, 1, 1, 1, 1, 1, 0], [0, 0, 0, 1, 0, 1, 0, 2, 0, 0, 0], [0, 2, 2, 1, 0, 1, 0, 2, 2, 2, 0], [0, 2, 0, 1, 1, 1, 2, 2, 0, 2, 0], [0, 2, 0, 0, 0, 2, 0, 0, 0, 2, 0], [0, 3, 2, 2, 2, 2, 2, 2, 2, 2, 0], [0, 0, 0, 0, 0, 0, 0, 0, 0, 0, 0]]"
2026-05-25T15:55:02.448353,0,North,870.0,False,False,False,"[[0, 0, 0, 0, 0, 0, 0, 0, 0, 0, 0], [0, 2, 2, 2, 2, 1, 1, 1, 1, 1, 0], [0, 2, 0, 0, 0, 1, 0, 0, 0, 1, 0], [0, 2, 0, 1, 1, 1, 1, 1, 0, 1, 0], [0, 2, 2, 1, 0, 1, 0, 1, 1, 1, 0], [0, 0, 0, 1, 0, 1, 0, 1, 0, 0, 0], [0, 1, 5, 1, 2, 1, 1, 1, 1, 1, 0], [0, 1, 0, 2, 0, 0, 0, 2, 0, 1, 0], [0, 4, 0, 2, 0, 1, 0, 2, 0, 1, 0], [0, 4, 0, 2, 0, 1, 1, 2, 0, 1, 0], [0, 1, 0, 2, 0, 1, 1, 2, 0, 1, 0], [0, 1, 0, 2, 0, 1, 0, 2, 0, 1, 0], [0, 1, 0, 2, 0, 0, 0, 2, 0, 1, 0], [0, 1, 1, 1, 2, 1, 1, 1, 1, 1, 0], [0, 0, 0, 1, 0, 1, 0, 2, 0, 0, 0], [0, 2, 2, 1, 0, 1, 0, 2, 2, 2, 0], [0, 2, 0, 1, 1, 1, 2, 2, 0, 2, 0], [0, 2, 0, 0, 0, 2, 0, 0, 0, 2, 0], [0, 3, 2, 2, 2, 2, 2, 2, 2, 2, 0], [0, 0, 0, 0, 0, 0, 0, 0, 0, 0, 0]]"
2026-05-25T15:55:02.465401,0,East,869.0,False,False,False,"[[0, 0, 0, 0, 0, 0, 0, 0, 0, 0, 0], [0, 2, 2, 2, 2, 1, 1, 1, 1, 1, 0], [0, 2, 0, 0, 0, 1, 0, 0, 0, 1, 0], [0, 2, 0, 1, 1, 1, 1, 1, 0, 1, 0], [0, 2, 2, 1, 0, 1, 0, 1, 1, 1, 0], [0, 0, 0, 1, 0, 1, 0, 1, 0, 0, 0], [0, 1, 1, 5, 2, 1, 1, 1, 1, 1, 0], [0, 4, 0, 2, 0, 0, 0, 2, 0, 1, 0], [0, 4, 0, 2, 0, 1, 0, 2, 0, 1, 0], [0, 1, 0, 2, 0, 1, 1, 2, 0, 1, 0], [0, 1, 0, 2, 0, 1, 1, 2, 0, 1, 0], [0, 1, 0, 2, 0, 1, 0, 2, 0, 1, 0], [0, 1, 0, 2, 0, 0, 0, 2, 0, 1, 0], [0, 1, 1, 1, 2, 1, 1, 1, 1, 1, 0], [0, 0, 0, 1, 0, 1, 0, 2, 0, 0, 0], [0, 2, 2, 1, 0, 1, 0, 2, 2, 2, 0], [0, 2, 0, 1, 1, 1, 2, 2, 0, 2, 0], [0, 2, 0, 0, 0, 2, 0, 0, 0, 2, 0], [0, 3, 2, 2, 2, 2, 2, 2, 2, 2, 0], [0, 0, 0, 0, 0, 0, 0, 0, 0, 0, 0]]"
2026-05-25T15:55:02.477303,0,East,878.0,False,False,False,"[[0, 0, 0, 0, 0, 0, 0, 0, 0, 0, 0], [0, 2, 2, 2, 2, 1, 1, 1, 1, 1, 0], [0, 2, 0, 0, 0, 1, 0, 0, 0, 1, 0], [0, 2, 0, 1, 1, 1, 1, 1, 0, 1, 0], [0, 2, 2, 1, 0, 1, 0, 1, 1, 1, 0], [0, 0, 0, 1, 0, 1, 0, 1, 0, 0, 0], [0, 4, 1, 1, 2, 1, 1, 1, 1, 1, 0], [0, 4, 0, 5, 0, 0, 0, 2, 0, 1, 0], [0, 1, 0, 2, 0, 1, 0, 2, 0, 1, 0], [0, 1, 0, 2, 0, 1, 1, 2, 0, 1, 0], [0, 1, 0, 2, 0, 1, 1, 2, 0, 1, 0], [0, 1, 0, 2, 0, 1, 0, 2, 0, 1, 0], [0, 1, 0, 2, 0, 0, 0, 2, 0, 1, 0], [0, 1, 1, 1, 2, 1, 1, 1, 1, 1, 0], [0, 0, 0, 1, 0, 1, 0, 2, 0, 0, 0], [0, 2, 2, 1, 0, 1, 0, 2, 2, 2, 0], [0, 2, 0, 1, 1, 1, 2, 2, 0, 2, 0], [0, 2, 0, 0, 0, 2, 0, 0, 0, 2, 0], [0, 3, 2, 2, 2, 2, 2, 2, 2, 2, 0], [0, 0, 0, 0, 0, 0, 0, 0, 0, 0, 0]]"
2026-05-25T15:55:02.504604,0,East,887.0,False,False,False,"[[0, 0, 0, 0, 0, 0, 0, 0, 0, 0, 0], [0, 2, 2, 2, 2, 1, 1, 1, 1, 1, 0], [0, 2, 0, 0, 0, 1, 0, 0, 0, 1, 0], [0, 2, 0, 1, 1, 1, 1, 1, 0, 1, 0], [0, 2, 2, 1, 0, 1, 0, 1, 1, 1, 0], [0, 0, 0, 1, 0, 1, 0, 1, 0, 0, 0], [0, 4, 4, 1, 2, 1, 1, 1, 1, 1, 0], [0, 1, 0, 1, 0, 0, 0, 2, 0, 1, 0], [0, 1, 0, 5, 0, 1, 0, 2, 0, 1, 0], [0, 1, 0, 2, 0, 1, 1, 2, 0, 1, 0], [0, 1, 0, 2, 0, 1, 1, 2, 0, 1, 0], [0, 1, 0, 2, 0, 1, 0, 2, 0, 1, 0], [0, 1, 0, 2, 0, 0, 0, 2, 0, 1, 0], [0, 1, 1, 1, 2, 1, 1, 1, 1, 1, 0], [0, 0, 0, 1, 0, 1, 0, 2, 0, 0, 0], [0, 2, 2, 1, 0, 1, 0, 2, 2, 2, 0], [0, 2, 0, 1, 1, 1, 2, 2, 0, 2, 0], [0, 2, 0, 0, 0, 2, 0, 0, 0, 2, 0], [0, 3, 2, 2, 2, 2, 2, 2, 2, 2, 0], [0, 0, 0, 0, 0, 0, 0, 0, 0, 0, 0]]"
2026-05-25T15:55:02.568036,0,East,896.0,False,False,False,"[[0, 0, 0, 0, 0, 0, 0, 0, 0, 0, 0], [0, 2, 2, 2, 2, 1, 1, 1, 1, 1, 0], [0, 2, 0, 0, 0, 1, 0, 0, 0, 1, 0], [0, 2, 0, 1, 1, 1, 1, 1, 0, 1, 0], [0, 2, 2, 1, 0, 1, 0, 1, 1, 1, 0], [0, 0, 0, 1, 0, 1, 0, 1, 0, 0, 0], [0, 1, 4, 4, 2, 1, 1, 1, 1, 1, 0], [0, 1, 0, 1, 0, 0, 0, 2, 0, 1, 0], [0, 1, 0, 1, 0, 1, 0, 2, 0, 1, 0], [0, 1, 0, 5, 0, 1, 1, 2, 0, 1, 0], [0, 1, 0, 2, 0, 1, 1, 2, 0, 1, 0], [0, 1, 0, 2, 0, 1, 0, 2, 0, 1, 0], [0, 1, 0, 2, 0, 0, 0, 2, 0, 1, 0], [0, 1, 1, 1, 2, 1, 1, 1, 1, 1, 0], [0, 0, 0, 1, 0, 1, 0, 2, 0, 0, 0], [0, 2, 2, 1, 0, 1, 0, 2, 2, 2, 0], [0, 2, 0, 1, 1, 1, 2, 2, 0, 2, 0], [0, 2, 0, 0, 0, 2, 0, 0, 0, 2, 0], [0, 3, 2, 2, 2, 2, 2, 2, 2, 2, 0], [0, 0, 0, 0, 0, 0, 0, 0, 0, 0, 0]]"
2026-05-25T15:55:02.588777,0,East,905.0,False,False,False,"[[0, 0, 0, 0, 0, 0, 0, 0, 0, 0, 0], [0, 2, 2, 2, 2, 1, 1, 1, 1, 1, 0], [0, 2, 0, 0, 0, 1, 0, 0, 0, 1, 0], [0, 2, 0, 1, 1, 1, 1, 1, 0, 1, 0], [0, 2, 2, 1, 0, 1, 0, 1, 1, 1, 0], [0, 0, 0, 1, 0, 1, 0, 1, 0, 0, 0], [0, 1, 1, 4, 2, 1, 1, 1, 1, 1, 0], [0, 1, 0, 4, 0, 0, 0, 2, 0, 1, 0], [0, 1, 0, 1, 0, 1, 0, 2, 0, 1, 0], [0, 1, 0, 1, 0, 1, 1, 2, 0, 1, 0], [0, 1, 0, 5, 0, 1, 1, 2, 0, 1, 0], [0, 1, 0, 2, 0, 1, 0, 2, 0, 1, 0], [0, 1, 0, 2, 0, 0, 0, 2, 0, 1, 0], [0, 1, 1, 1, 2, 1, 1, 1, 1, 1, 0], [0, 0, 0, 1, 0, 1, 0, 2, 0, 0, 0], [0, 2, 2, 1, 0, 1, 0, 2, 2, 2, 0], [0, 2, 0, 1, 1, 1, 2, 2, 0, 2, 0], [0, 2, 0, 0, 0, 2, 0, 0, 0, 2, 0], [0, 3, 2, 2, 2, 2, 2, 2, 2, 2, 0], [0, 0, 0, 0, 0, 0, 0, 0, 0, 0, 0]]"
2026-05-25T15:55:02.595533,0,East,914.0,False,False,False,"[[0, 0, 0, 0, 0, 0, 0, 0, 0, 0, 0], [0, 2, 2, 2, 2, 1, 1, 1, 1, 1, 0], [0, 2, 0, 0, 0, 1, 0, 0, 0, 1, 0], [0, 2, 0, 1, 1, 1, 1, 1, 0, 1, 0], [0, 2, 2, 1, 0, 1, 0, 1, 1, 1, 0], [0, 0, 0, 1, 0, 1, 0, 1, 0, 0, 0], [0, 1, 1, 1, 2, 1, 1, 1, 1, 1, 0], [0, 1, 0, 4, 0, 0, 0, 2, 0, 1, 0], [0, 1, 0, 4, 0, 1, 0, 2, 0, 1, 0], [0, 1, 0, 1, 0, 1, 1, 2, 0, 1, 0], [0, 1, 0, 1, 0, 1, 1, 2, 0, 1, 0], [0, 1, 0, 5, 0, 1, 0, 2, 0, 1, 0], [0, 1, 0, 2, 0, 0, 0, 2, 0, 1, 0], [0, 1, 1, 1, 2, 1, 1, 1, 1, 1, 0], [0, 0, 0, 1, 0, 1, 0, 2, 0, 0, 0], [0, 2, 2, 1, 0, 1, 0, 2, 2, 2, 0], [0, 2, 0, 1, 1, 1, 2, 2, 0, 2, 0], [0, 2, 0, 0, 0, 2, 0, 0, 0, 2, 0], [0, 3, 2, 2, 2, 2, 2, 2, 2, 2, 0], [0, 0, 0, 0, 0, 0, 0, 0, 0, 0, 0]]"
2026-05-25T15:55:02.604461,0,East,923.0,False,False,False,"[[0, 0, 0, 0, 0, 0, 0, 0, 0, 0, 0], [0, 2, 2, 2, 2, 1, 1, 1, 1, 1, 0], [0, 2, 0, 0, 0, 1, 0, 0, 0, 1, 0], [0, 2, 0, 1, 1, 1, 1, 1, 0, 1, 0], [0, 2, 2, 1, 0, 1, 0, 1, 1, 1, 0], [0, 0, 0, 1, 0, 1, 0, 1, 0, 0, 0], [0, 1, 1, 1, 2, 1, 1, 1, 1, 1, 0], [0, 1, 0, 1, 0, 0, 0, 2, 0, 1, 0], [0, 1, 0, 4, 0, 1, 0, 2, 0, 1, 0], [0, 1, 0, 4, 0, 1, 1, 2, 0, 1, 0], [0, 1, 0, 1, 0, 1, 1, 2, 0, 1, 0], [0, 1, 0, 1, 0, 1, 0, 2, 0, 1, 0], [0, 1, 0, 5, 0, 0, 0, 2, 0, 1, 0], [0, 1, 1, 1, 2, 1, 1, 1, 1, 1, 0], [0, 0, 0, 1, 0, 1, 0, 2, 0, 0, 0], [0, 2, 2, 1, 0, 1, 0, 2, 2, 2, 0], [0, 2, 0, 1, 1, 1, 2, 2, 0, 2, 0], [0, 2, 0, 0, 0, 2, 0, 0, 0, 2, 0], [0, 3, 2, 2, 2, 2, 2, 2, 2, 2, 0], [0, 0, 0, 0, 0, 0, 0, 0, 0, 0, 0]]"
2026-05-25T15:55:02.621427,0,East,922.0,False,False,False,"[[0, 0, 0, 0, 0, 0, 0, 0, 0, 0, 0], [0, 2, 2, 2, 2, 1, 1, 1, 1, 1, 0], [0, 2, 0, 0, 0, 1, 0, 0, 0, 1, 0], [0, 2, 0, 1, 1, 1, 1, 1, 0, 1, 0], [0, 2, 2, 1, 0, 1, 0, 1, 1, 1, 0], [0, 0, 0, 1, 0, 1, 0, 1, 0, 0, 0], [0, 1, 1, 1, 2, 1, 1, 1, 1, 1, 0], [0, 1, 0, 1, 0, 0, 0, 2, 0, 1, 0], [0, 1, 0, 1, 0, 1, 0, 2, 0, 1, 0], [0, 1, 0, 4, 0, 1, 1, 2, 0, 1, 0], [0, 1, 0, 4, 0, 1, 1, 2, 0, 1, 0], [0, 1, 0, 1, 0, 1, 0, 2, 0, 1, 0], [0, 1, 0, 1, 0, 0, 0, 2, 0, 1, 0], [0, 1, 1, 5, 2, 1, 1, 1, 1, 1, 0], [0, 0, 0, 1, 0, 1, 0, 2, 0, 0, 0], [0, 2, 2, 1, 0, 1, 0, 2, 2, 2, 0], [0, 2, 0, 1, 1, 1, 2, 2, 0, 2, 0], [0, 2, 0, 0, 0, 2, 0, 0, 0, 2, 0], [0, 3, 2, 2, 2, 2, 2, 2, 2, 2, 0], [0, 0, 0, 0, 0, 0, 0, 0, 0, 0, 0]]"
2026-05-25T15:55:02.633431,0,East,921.0,False,False,False,"[[0, 0, 0, 0, 0, 0, 0, 0, 0, 0, 0], [0, 2, 2, 2, 2, 1, 1, 1, 1, 1, 0], [0, 2, 0, 0, 0, 1, 0, 0, 0, 1, 0], [0, 2, 0, 1, 1, 1, 1, 1, 0, 1, 0], [0, 2, 2, 1, 0, 1, 0, 1, 1, 1, 0], [0, 0, 0, 1, 0, 1, 0, 1, 0, 0, 0], [0, 1, 1, 1, 2, 1, 1, 1, 1, 1, 0], [0, 1, 0, 1, 0, 0, 0, 2, 0, 1, 0], [0, 1, 0, 1, 0, 1, 0, 2, 0, 1, 0], [0, 1, 0, 1, 0, 1, 1, 2, 0, 1, 0], [0, 1, 0, 4, 0, 1, 1, 2, 0, 1, 0], [0, 1, 0, 4, 0, 1, 0, 2, 0, 1, 0], [0, 1, 0, 1, 0, 0, 0, 2, 0, 1, 0], [0, 1, 1, 1, 2, 1, 1, 1, 1, 1, 0], [0, 0, 0, 5, 0, 1, 0, 2, 0, 0, 0], [0, 2, 2, 1, 0, 1, 0, 2, 2, 2, 0], [0, 2, 0, 1, 1, 1, 2, 2, 0, 2, 0], [0, 2, 0, 0, 0, 2, 0, 0, 0, 2, 0], [0, 3, 2, 2, 2, 2, 2, 2, 2, 2, 0], [0, 0, 0, 0, 0, 0, 0, 0, 0, 0, 0]]"
2026-05-25T15:55:02.664080,0,South,920.0,False,False,False,"[[0, 0, 0, 0, 0, 0, 0, 0, 0, 0, 0], [0, 2, 2, 2, 2, 1, 1, 1, 1, 1, 0], [0, 2, 0, 0, 0, 1, 0, 0, 0, 1, 0], [0, 2, 0, 1, 1, 1, 1, 1, 0, 1, 0], [0, 2, 2, 1, 0, 1, 0, 1, 1, 1, 0], [0, 0, 0, 1, 0, 1, 0, 1, 0, 0, 0], [0, 1, 1, 1, 2, 1, 1, 1, 1, 1, 0], [0, 1, 0, 1, 0, 0, 0, 2, 0, 1, 0], [0, 1, 0, 1, 0, 1, 0, 2, 0, 1, 0], [0, 1, 0, 1, 0, 1, 1, 2, 0, 1, 0], [0, 1, 0, 1, 0, 1, 1, 2, 0, 1, 0], [0, 1, 0, 4, 0, 1, 0, 2, 0, 1, 0], [0, 1, 0, 4, 0, 0, 0, 2, 0, 1, 0], [0, 1, 1, 1, 2, 1, 1, 1, 1, 1, 0], [0, 0, 0, 1, 0, 1, 0, 2, 0, 0, 0], [0, 2, 2, 5, 0, 1, 0, 2, 2, 2, 0], [0, 2, 0, 1, 1, 1, 2, 2, 0, 2, 0], [0, 2, 0, 0, 0, 2, 0, 0, 0, 2, 0], [0, 3, 2, 2, 2, 2, 2, 2, 2, 2, 0], [0, 0, 0, 0, 0, 0, 0, 0, 0, 0, 0]]"
2026-05-25T15:55:02.702829,0,South,929.0,False,False,False,"[[0, 0, 0, 0, 0, 0, 0, 0, 0, 0, 0], [0, 2, 2, 2, 2, 1, 1, 1, 1, 1, 0], [0, 2, 0, 0, 0, 1, 0, 0, 0, 1, 0], [0, 2, 0, 1, 1, 1, 1, 1, 0, 1, 0], [0, 2, 2, 1, 0, 1, 0, 1, 1, 1, 0], [0, 0, 0, 1, 0, 1, 0, 1, 0, 0, 0], [0, 1, 1, 1, 2, 1, 1, 1, 1, 1, 0], [0, 1, 0, 1, 0, 0, 0, 2, 0, 1, 0], [0, 1, 0, 1, 0, 1, 0, 2, 0, 1, 0], [0, 1, 0, 1, 0, 1, 1, 2, 0, 1, 0], [0, 1, 0, 1, 0, 1, 1, 2, 0, 1, 0], [0, 1, 0, 1, 0, 1, 0, 2, 0, 1, 0], [0, 1, 0, 4, 0, 0, 0, 2, 0, 1, 0], [0, 1, 1, 4, 2, 1, 1, 1, 1, 1, 0], [0, 0, 0, 1, 0, 1, 0, 2, 0, 0, 0], [0, 2, 5, 1, 0, 1, 0, 2, 2, 2, 0], [0, 2, 0, 1, 1, 1, 2, 2, 0, 2, 0], [0, 2, 0, 0, 0, 2, 0, 0, 0, 2, 0], [0, 3, 2, 2, 2, 2, 2, 2, 2, 2, 0], [0, 0, 0, 0, 0, 0, 0, 0, 0, 0, 0]]"
2026-05-25T15:55:02.720719,0,East,938.0,False,False,False,"[[0, 0, 0, 0, 0, 0, 0, 0, 0, 0, 0], [0, 2, 2, 2, 2, 1, 1, 1, 1, 1, 0], [0, 2, 0, 0, 0, 1, 0, 0, 0, 1, 0], [0, 2, 0, 1, 1, 1, 1, 1, 0, 1, 0], [0, 2, 2, 1, 0, 1, 0, 1, 1, 1, 0], [0, 0, 0, 1, 0, 1, 0, 1, 0, 0, 0], [0, 1, 1, 1, 2, 1, 1, 1, 1, 1, 0], [0, 1, 0, 1, 0, 0, 0, 2, 0, 1, 0], [0, 1, 0, 1, 0, 1, 0, 2, 0, 1, 0], [0, 1, 0, 1, 0, 1, 1, 2, 0, 1, 0], [0, 1, 0, 1, 0, 1, 1, 2, 0, 1, 0], [0, 1, 0, 1, 0, 1, 0, 2, 0, 1, 0], [0, 1, 0, 1, 0, 0, 0, 2, 0, 1, 0], [0, 1, 4, 4, 2, 1, 1, 1, 1, 1, 0], [0, 0, 0, 1, 0, 1, 0, 2, 0, 0, 0], [0, 5, 1, 1, 0, 1, 0, 2, 2, 2, 0], [0, 2, 0, 1, 1, 1, 2, 2, 0, 2, 0], [0, 2, 0, 0, 0, 2, 0, 0, 0, 2, 0], [0, 3, 2, 2, 2, 2, 2, 2, 2, 2, 0], [0, 0, 0, 0, 0, 0, 0, 0, 0, 0, 0]]"
2026-05-25T15:55:02.729845,0,East,947.0,False,False,False,"[[0, 0, 0, 0, 0, 0, 0, 0, 0, 0, 0], [0, 2, 2, 2, 2, 1, 1, 1, 1, 1, 0], [0, 2, 0, 0, 0, 1, 0, 0, 0, 1, 0], [0, 2, 0, 1, 1, 1, 1, 1, 0, 1, 0], [0, 2, 2, 1, 0, 1, 0, 1, 1, 1, 0], [0, 0, 0, 1, 0, 1, 0, 1, 0, 0, 0], [0, 1, 1, 1, 2, 1, 1, 1, 1, 1, 0], [0, 1, 0, 1, 0, 0, 0, 2, 0, 1, 0], [0, 1, 0, 1, 0, 1, 0, 2, 0, 1, 0], [0, 1, 0, 1, 0, 1, 1, 2, 0, 1, 0], [0, 1, 0, 1, 0, 1, 1, 2, 0, 1, 0], [0, 1, 0, 1, 0, 1, 0, 2, 0, 1, 0], [0, 1, 0, 1, 0, 0, 0, 2, 0, 1, 0], [0, 4, 4, 1, 2, 1, 1, 1, 1, 1, 0], [0, 0, 0, 1, 0, 1, 0, 2, 0, 0, 0], [0, 1, 1, 1, 0, 1, 0, 2, 2, 2, 0], [0, 5, 0, 1, 1, 1, 2, 2, 0, 2, 0], [0, 2, 0, 0, 0, 2, 0, 0, 0, 2, 0], [0, 3, 2, 2, 2, 2, 2, 2, 2, 2, 0], [0, 0, 0, 0, 0, 0, 0, 0, 0, 0, 0]]"
2026-05-25T15:55:02.738285,0,East,956.0,False,False,False,"[[0, 0, 0, 0, 0, 0, 0, 0, 0, 0, 0], [0, 2, 2, 2, 2, 1, 1, 1, 1, 1, 0], [0, 2, 0, 0, 0, 1, 0, 0, 0, 1, 0], [0, 2, 0, 1, 1, 1, 1, 1, 0, 1, 0], [0, 2, 2, 1, 0, 1, 0, 1, 1, 1, 0], [0, 0, 0, 1, 0, 1, 0, 1, 0, 0, 0], [0, 1, 1, 1, 2, 1, 1, 1, 1, 1, 0], [0, 1, 0, 1, 0, 0, 0, 2, 0, 1, 0], [0, 1, 0, 1, 0, 1, 0, 2, 0, 1, 0], [0, 1, 0, 1, 0, 1, 1, 2, 0, 1, 0], [0, 1, 0, 1, 0, 1, 1, 2, 0, 1, 0], [0, 1, 0, 1, 0, 1, 0, 2, 0, 1, 0], [0, 4, 0, 1, 0, 0, 0, 2, 0, 1, 0], [0, 4, 1, 1, 2, 1, 1, 1, 1, 1, 0], [0, 0, 0, 1, 0, 1, 0, 2, 0, 0, 0], [0, 1, 1, 1, 0, 1, 0, 2, 2, 2, 0], [0, 1, 0, 1, 1, 1, 2, 2, 0, 2, 0], [0, 5, 0, 0, 0, 2, 0, 0, 0, 2, 0], [0, 3, 2, 2, 2, 2, 2, 2, 2, 2, 0], [0, 0, 0, 0, 0, 0, 0, 0, 0, 0, 0]]"
2026-05-25T15:55:02.747327,0,North,955.0,False,False,False,"[[0, 0, 0, 0, 0, 0, 0, 0, 0, 0, 0], [0, 2, 2, 2, 2, 1, 1, 1, 1, 1, 0], [0, 2, 0, 0, 0, 1, 0, 0, 0, 1, 0], [0, 2, 0, 1, 1, 1, 1, 1, 0, 1, 0], [0, 2, 2, 1, 0, 1, 0, 1, 1, 1, 0], [0, 0, 0, 1, 0, 1, 0, 1, 0, 0, 0], [0, 1, 1, 1, 2, 1, 1, 1, 1, 1, 0], [0, 1, 0, 1, 0, 0, 0, 2, 0, 1, 0], [0, 1, 0, 1, 0, 1, 0, 2, 0, 1, 0], [0, 1, 0, 1, 0, 1, 1, 2, 0, 1, 0], [0, 1, 0, 1, 0, 1, 1, 2, 0, 1, 0], [0, 4, 0, 1, 0, 1, 0, 2, 0, 1, 0], [0, 4, 0, 1, 0, 0, 0, 2, 0, 1, 0], [0, 1, 1, 1, 2, 1, 1, 1, 1, 1, 0], [0, 0, 0, 1, 0, 1, 0, 2, 0, 0, 0], [0, 1, 1, 1, 0, 1, 0, 2, 2, 2, 0], [0, 1, 0, 1, 1, 1, 2, 2, 0, 2, 0], [0, 1, 0, 0, 0, 2, 0, 0, 0, 2, 0], [0, 5, 2, 2, 2, 2, 2, 2, 2, 2, 0], [0, 0, 0, 0, 0, 0, 0, 0, 0, 0, 0]]"
2026-05-25T15:55:02.756089,0,North,964.0,False,False,False,"[[0, 0, 0, 0, 0, 0, 0, 0, 0, 0, 0], [0, 2, 2, 2, 2, 1, 1, 1, 1, 1, 0], [0, 2, 0, 0, 0, 1, 0, 0, 0, 1, 0], [0, 2, 0, 1, 1, 1, 1, 1, 0, 1, 0], [0, 2, 2, 1, 0, 1, 0, 1, 1, 1, 0], [0, 0, 0, 1, 0, 1, 0, 1, 0, 0, 0], [0, 1, 1, 1, 2, 1, 1, 1, 1, 1, 0], [0, 1, 0, 1, 0, 0, 0, 2, 0, 1, 0], [0, 1, 0, 1, 0, 1, 0, 2, 0, 1, 0], [0, 1, 0, 1, 0, 1, 1, 2, 0, 1, 0], [0, 1, 0, 1, 0, 1, 1, 2, 0, 1, 0], [0, 4, 0, 1, 0, 1, 0, 2, 0, 1, 0], [0, 4, 0, 1, 0, 0, 0, 2, 0, 1, 0], [0, 1, 1, 1, 2, 1, 1, 1, 1, 1, 0], [0, 0, 0, 1, 0, 1, 0, 2, 0, 0, 0], [0, 1, 1, 1, 0, 1, 0, 2, 2, 2, 0], [0, 1, 0, 1, 1, 1, 2, 2, 0, 2, 0], [0, 1, 0, 0, 0, 2, 0, 0, 0, 2, 0], [0, 1, 5, 2, 2, 2, 2, 2, 2, 2, 0], [0, 0, 0, 0, 0, 0, 0, 0, 0, 0, 0]]"
2026-05-25T15:55:02.765240,0,North,973.0,False,False,False,"[[0, 0, 0, 0, 0, 0, 0, 0, 0, 0, 0], [0, 2, 2, 2, 2, 1, 1, 1, 1, 1, 0], [0, 2, 0, 0, 0, 1, 0, 0, 0, 1, 0], [0, 2, 0, 1, 1, 1, 1, 1, 0, 1, 0], [0, 2, 2, 1, 0, 1, 0, 1, 1, 1, 0], [0, 0, 0, 1, 0, 1, 0, 1, 0, 0, 0], [0, 1, 1, 1, 2, 1, 1, 1, 1, 1, 0], [0, 1, 0, 1, 0, 0, 0, 2, 0, 1, 0], [0, 1, 0, 1, 0, 1, 0, 2, 0, 1, 0], [0, 1, 0, 1, 0, 1, 1, 2, 0, 1, 0], [0, 4, 0, 1, 0, 1, 1, 2, 0, 1, 0], [0, 4, 0, 1, 0, 1, 0, 2, 0, 1, 0], [0, 1, 0, 1, 0, 0, 0, 2, 0, 1, 0], [0, 1, 1, 1, 2, 1, 1, 1, 1, 1, 0], [0, 0, 0, 1, 0, 1, 0, 2, 0, 0, 0], [0, 1, 1, 1, 0, 1, 0, 2, 2, 2, 0], [0, 1, 0, 1, 1, 1, 2, 2, 0, 2, 0], [0, 1, 0, 0, 0, 2, 0, 0, 0, 2, 0], [0, 1, 1, 5, 2, 2, 2, 2, 2, 2, 0], [0, 0, 0, 0, 0, 0, 0, 0, 0, 0, 0]]"
2026-05-25T15:55:02.775356,0,North,982.0,False,False,False,"[[0, 0, 0, 0, 0, 0, 0, 0, 0, 0, 0], [0, 2, 2, 2, 2, 1, 1, 1, 1, 1, 0], [0, 2, 0, 0, 0, 1, 0, 0, 0, 1, 0], [0, 2, 0, 1, 1, 1, 1, 1, 0, 1, 0], [0, 2, 2, 1, 0, 1, 0, 1, 1, 1, 0], [0, 0, 0, 1, 0, 1, 0, 1, 0, 0, 0], [0, 1, 1, 1, 2, 1, 1, 1, 1, 1, 0], [0, 1, 0, 1, 0, 0, 0, 2, 0, 1, 0], [0, 1, 0, 1, 0, 1, 0, 2, 0, 1, 0], [0, 1, 0, 1, 0, 1, 1, 2, 0, 1, 0], [0, 4, 0, 1, 0, 1, 1, 2, 0, 1, 0], [0, 4, 0, 1, 0, 1, 0, 2, 0, 1, 0], [0, 1, 0, 1, 0, 0, 0, 2, 0, 1, 0], [0, 1, 1, 1, 2, 1, 1, 1, 1, 1, 0], [0, 0, 0, 1, 0, 1, 0, 2, 0, 0, 0], [0, 1, 1, 1, 0, 1, 0, 2, 2, 2, 0], [0, 1, 0, 1, 1, 1, 2, 2, 0, 2, 0], [0, 1, 0, 0, 0, 2, 0, 0, 0, 2, 0], [0, 1, 1, 1, 5, 2, 2, 2, 2, 2, 0], [0, 0, 0, 0, 0, 0, 0, 0, 0, 0, 0]]"
2026-05-25T15:55:02.788538,0,North,991.0,False,False,False,"[[0, 0, 0, 0, 0, 0, 0, 0, 0, 0, 0], [0, 2, 2, 2, 2, 1, 1, 1, 1, 1, 0], [0, 2, 0, 0, 0, 1, 0, 0, 0, 1, 0], [0, 2, 0, 1, 1, 1, 1, 1, 0, 1, 0], [0, 2, 2, 1, 0, 1, 0, 1, 1, 1, 0], [0, 0, 0, 1, 0, 1, 0, 1, 0, 0, 0], [0, 1, 1, 1, 2, 1, 1, 1, 1, 1, 0], [0, 1, 0, 1, 0, 0, 0, 2, 0, 1, 0], [0, 1, 0, 1, 0, 1, 0, 2, 0, 1, 0], [0, 4, 0, 1, 0, 1, 1, 2, 0, 1, 0], [0, 4, 0, 1, 0, 1, 1, 2, 0, 1, 0], [0, 1, 0, 1, 0, 1, 0, 2, 0, 1, 0], [0, 1, 0, 1, 0, 0, 0, 2, 0, 1, 0], [0, 1, 1, 1, 2, 1, 1, 1, 1, 1, 0], [0, 0, 0, 1, 0, 1, 0, 2, 0, 0, 0], [0, 1, 1, 1, 0, 1, 0, 2, 2, 2, 0], [0, 1, 0, 1, 1, 1, 2, 2, 0, 2, 0], [0, 1, 0, 0, 0, 2, 0, 0, 0, 2, 0], [0, 1, 1, 1, 1, 5, 2, 2, 2, 2, 0], [0, 0, 0, 0, 0, 0, 0, 0, 0, 0, 0]]"
2026-05-25T15:55:02.798182,0,North,1000.0,False,False,False,"[[0, 0, 0, 0, 0, 0, 0, 0, 0, 0, 0], [0, 2, 2, 2, 2, 1, 1, 1, 1, 1, 0], [0, 2, 0, 0, 0, 1, 0, 0, 0, 1, 0], [0, 2, 0, 1, 1, 1, 1, 1, 0, 1, 0], [0, 2, 2, 1, 0, 1, 0, 1, 1, 1, 0], [0, 0, 0, 1, 0, 1, 0, 1, 0, 0, 0], [0, 1, 1, 1, 2, 1, 1, 1, 1, 1, 0], [0, 1, 0, 1, 0, 0, 0, 2, 0, 1, 0], [0, 1, 0, 1, 0, 1, 0, 2, 0, 1, 0], [0, 4, 0, 1, 0, 1, 1, 2, 0, 1, 0], [0, 4, 0, 1, 0, 1, 1, 2, 0, 1, 0], [0, 1, 0, 1, 0, 1, 0, 2, 0, 1, 0], [0, 1, 0, 1, 0, 0, 0, 2, 0, 1, 0], [0, 1, 1, 1, 2, 1, 1, 1, 1, 1, 0], [0, 0, 0, 1, 0, 1, 0, 2, 0, 0, 0], [0, 1, 1, 1, 0, 1, 0, 2, 2, 2, 0], [0, 1, 0, 1, 1, 1, 2, 2, 0, 2, 0], [0, 1, 0, 0, 0, 2, 0, 0, 0, 2, 0], [0, 1, 1, 1, 1, 1, 5, 2, 2, 2, 0], [0, 0, 0, 0, 0, 0, 0, 0, 0, 0, 0]]"
2026-05-25T15:55:02.807136,0,North,1009.0,False,False,False,"[[0, 0, 0, 0, 0, 0, 0, 0, 0, 0, 0], [0, 2, 2, 2, 2, 1, 1, 1, 1, 1, 0], [0, 2, 0, 0, 0, 1, 0, 0, 0, 1, 0], [0, 2, 0, 1, 1, 1, 1, 1, 0, 1, 0], [0, 2, 2, 1, 0, 1, 0, 1, 1, 1, 0], [0, 0, 0, 1, 0, 1, 0, 1, 0, 0, 0], [0, 1, 1, 1, 2, 1, 1, 1, 1, 1, 0], [0, 1, 0, 1, 0, 0, 0, 2, 0, 1, 0], [0, 4, 0, 1, 0, 1, 0, 2, 0, 1, 0], [0, 4, 0, 1, 0, 1, 1, 2, 0, 1, 0], [0, 1, 0, 1, 0, 1, 1, 2, 0, 1, 0], [0, 1, 0, 1, 0, 1, 0, 2, 0, 1, 0], [0, 1, 0, 1, 0, 0, 0, 2, 0, 1, 0], [0, 1, 1, 1, 2, 1, 1, 1, 1, 1, 0], [0, 0, 0, 1, 0, 1, 0, 2, 0, 0, 0], [0, 1, 1, 1, 0, 1, 0, 2, 2, 2, 0], [0, 1, 0, 1, 1, 1, 2, 2, 0, 2, 0], [0, 1, 0, 0, 0, 2, 0, 0, 0, 2, 0], [0, 1, 1, 1, 1, 1, 1, 5, 2, 2, 0], [0, 0, 0, 0, 0, 0, 0, 0, 0, 0, 0]]"
2026-05-25T15:55:02.816058,0,North,1018.0,False,False,False,"[[0, 0, 0, 0, 0, 0, 0, 0, 0, 0, 0], [0, 2, 2, 2, 2, 1, 1, 1, 1, 1, 0], [0, 2, 0, 0, 0, 1, 0, 0, 0, 1, 0], [0, 2, 0, 1, 1, 1, 1, 1, 0, 1, 0], [0, 2, 2, 1, 0, 1, 0, 1, 1, 1, 0], [0, 0, 0, 1, 0, 1, 0, 1, 0, 0, 0], [0, 1, 1, 1, 2, 1, 1, 1, 1, 1, 0], [0, 1, 0, 1, 0, 0, 0, 2, 0, 1, 0], [0, 4, 0, 1, 0, 1, 0, 2, 0, 1, 0], [0, 4, 0, 1, 0, 1, 1, 2, 0, 1, 0], [0, 1, 0, 1, 0, 1, 1, 2, 0, 1, 0], [0, 1, 0, 1, 0, 1, 0, 2, 0, 1, 0], [0, 1, 0, 1, 0, 0, 0, 2, 0, 1, 0], [0, 1, 1, 1, 2, 1, 1, 1, 1, 1, 0], [0, 0, 0, 1, 0, 1, 0, 2, 0, 0, 0], [0, 1, 1, 1, 0, 1, 0, 2, 2, 2, 0], [0, 1, 0, 1, 1, 1, 2, 2, 0, 2, 0], [0, 1, 0, 0, 0, 2, 0, 0, 0, 2, 0], [0, 1, 1, 1, 1, 1, 1, 1, 5, 2, 0], [0, 0, 0, 0, 0, 0, 0, 0, 0, 0, 0]]"
2026-05-25T15:55:02.824311,0,West,1027.0,False,False,False,"[[0, 0, 0, 0, 0, 0, 0, 0, 0, 0, 0], [0, 2, 2, 2, 2, 1, 1, 1, 1, 1, 0], [0, 2, 0, 0, 0, 1, 0, 0, 0, 1, 0], [0, 2, 0, 1, 1, 1, 1, 1, 0, 1, 0], [0, 2, 2, 1, 0, 1, 0, 1, 1, 1, 0], [0, 0, 0, 1, 0, 1, 0, 1, 0, 0, 0], [0, 1, 1, 1, 2, 1, 1, 1, 1, 1, 0], [0, 4, 0, 1, 0, 0, 0, 2, 0, 1, 0], [0, 4, 0, 1, 0, 1, 0, 2, 0, 1, 0], [0, 1, 0, 1, 0, 1, 1, 2, 0, 1, 0], [0, 1, 0, 1, 0, 1, 1, 2, 0, 1, 0], [0, 1, 0, 1, 0, 1, 0, 2, 0, 1, 0], [0, 1, 0, 1, 0, 0, 0, 2, 0, 1, 0], [0, 1, 1, 1, 2, 1, 1, 1, 1, 1, 0], [0, 0, 0, 1, 0, 1, 0, 2, 0, 0, 0], [0, 1, 1, 1, 0, 1, 0, 2, 2, 2, 0], [0, 1, 0, 1, 1, 1, 2, 2, 0, 2, 0], [0, 1, 0, 0, 0, 2, 0, 0, 0, 2, 0], [0, 1, 1, 1, 1, 1, 1, 1, 1, 5, 0], [0, 0, 0, 0, 0, 0, 0, 0, 0, 0, 0]]"
2026-05-25T15:55:02.832583,0,West,1036.0,False,False,False,"[[0, 0, 0, 0, 0, 0, 0, 0, 0, 0, 0], [0, 2, 2, 2, 2, 1, 1, 1, 1, 1, 0], [0, 2, 0, 0, 0, 1, 0, 0, 0, 1, 0], [0, 2, 0, 1, 1, 1, 1, 1, 0, 1, 0], [0, 2, 2, 1, 0, 1, 0, 1, 1, 1, 0], [0, 0, 0, 1, 0, 1, 0, 1, 0, 0, 0], [0, 1, 1, 1, 2, 1, 1, 1, 1, 1, 0], [0, 4, 0, 1, 0, 0, 0, 2, 0, 1, 0], [0, 4, 0, 1, 0, 1, 0, 2, 0, 1, 0], [0, 1, 0, 1, 0, 1, 1, 2, 0, 1, 0], [0, 1, 0, 1, 0, 1, 1, 2, 0, 1, 0], [0, 1, 0, 1, 0, 1, 0, 2, 0, 1, 0], [0, 1, 0, 1, 0, 0, 0, 2, 0, 1, 0], [0, 1, 1, 1, 2, 1, 1, 1, 1, 1, 0], [0, 0, 0, 1, 0, 1, 0, 2, 0, 0, 0], [0, 1, 1, 1, 0, 1, 0, 2, 2, 2, 0], [0, 1, 0, 1, 1, 1, 2, 2, 0, 2, 0], [0, 1, 0, 0, 0, 2, 0, 0, 0, 5, 0], [0, 1, 1, 1, 1, 1, 1, 1, 1, 1, 0], [0, 0, 0, 0, 0, 0, 0, 0, 0, 0, 0]]"
2026-05-25T15:55:02.841199,0,West,1045.0,False,False,False,"[[0, 0, 0, 0, 0, 0, 0, 0, 0, 0, 0], [0, 2, 2, 2, 2, 1, 1, 1, 1, 1, 0], [0, 2, 0, 0, 0, 1, 0, 0, 0, 1, 0], [0, 2, 0, 1, 1, 1, 1, 1, 0, 1, 0], [0, 2, 2, 1, 0, 1, 0, 1, 1, 1, 0], [0, 0, 0, 1, 0, 1, 0, 1, 0, 0, 0], [0, 4, 1, 1, 2, 1, 1, 1, 1, 1, 0], [0, 4, 0, 1, 0, 0, 0, 2, 0, 1, 0], [0, 1, 0, 1, 0, 1, 0, 2, 0, 1, 0], [0, 1, 0, 1, 0, 1, 1, 2, 0, 1, 0], [0, 1, 0, 1, 0, 1, 1, 2, 0, 1, 0], [0, 1, 0, 1, 0, 1, 0, 2, 0, 1, 0], [0, 1, 0, 1, 0, 0, 0, 2, 0, 1, 0], [0, 1, 1, 1, 2, 1, 1, 1, 1, 1, 0], [0, 0, 0, 1, 0, 1, 0, 2, 0, 0, 0], [0, 1, 1, 1, 0, 1, 0, 2, 2, 2, 0], [0, 1, 0, 1, 1, 1, 2, 2, 0, 5, 0], [0, 1, 0, 0, 0, 2, 0, 0, 0, 1, 0], [0, 1, 1, 1, 1, 1, 1, 1, 1, 1, 0], [0, 0, 0, 0, 0, 0, 0, 0, 0, 0, 0]]"
2026-05-25T15:55:02.849701,0,South,1054.0,False,False,False,"[[0, 0, 0, 0, 0, 0, 0, 0, 0, 0, 0], [0, 2, 2, 2, 2, 1, 1, 1, 1, 1, 0], [0, 2, 0, 0, 0, 1, 0, 0, 0, 1, 0], [0, 2, 0, 1, 1, 1, 1, 1, 0, 1, 0], [0, 2, 2, 1, 0, 1, 0, 1, 1, 1, 0], [0, 0, 0, 1, 0, 1, 0, 1, 0, 0, 0], [0, 4, 1, 1, 2, 1, 1, 1, 1, 1, 0], [0, 4, 0, 1, 0, 0, 0, 2, 0, 1, 0], [0, 1, 0, 1, 0, 1, 0, 2, 0, 1, 0], [0, 1, 0, 1, 0, 1, 1, 2, 0, 1, 0], [0, 1, 0, 1, 0, 1, 1, 2, 0, 1, 0], [0, 1, 0, 1, 0, 1, 0, 2, 0, 1, 0], [0, 1, 0, 1, 0, 0, 0, 2, 0, 1, 0], [0, 1, 1, 1, 2, 1, 1, 1, 1, 1, 0], [0, 0, 0, 1, 0, 1, 0, 2, 0, 0, 0], [0, 1, 1, 1, 0, 1, 0, 2, 2, 5, 0], [0, 1, 0, 1, 1, 1, 2, 2, 0, 1, 0], [0, 1, 0, 0, 0, 2, 0, 0, 0, 1, 0], [0, 1, 1, 1, 1, 1, 1, 1, 1, 1, 0], [0, 0, 0, 0, 0, 0, 0, 0, 0, 0, 0]]"
2026-05-25T15:55:02.859220,0,South,1063.0,False,False,False,"[[0, 0, 0, 0, 0, 0, 0, 0, 0, 0, 0], [0, 2, 2, 2, 2, 1, 1, 1, 1, 1, 0], [0, 2, 0, 0, 0, 1, 0, 0, 0, 1, 0], [0, 2, 0, 1, 1, 1, 1, 1, 0, 1, 0], [0, 2, 2, 1, 0, 1, 0, 1, 1, 1, 0], [0, 0, 0, 1, 0, 1, 0, 1, 0, 0, 0], [0, 4, 1, 1, 2, 1, 1, 1, 1, 1, 0], [0, 1, 0, 1, 0, 0, 0, 2, 0, 1, 0], [0, 1, 0, 1, 0, 1, 0, 2, 0, 1, 0], [0, 1, 0, 1, 0, 1, 1, 2, 0, 1, 0], [0, 1, 0, 1, 0, 1, 1, 2, 0, 1, 0], [0, 1, 0, 1, 0, 1, 0, 2, 0, 1, 0], [0, 1, 0, 1, 0, 0, 0, 2, 0, 1, 0], [0, 1, 1, 1, 2, 1, 1, 1, 1, 1, 0], [0, 0, 0, 1, 0, 1, 0, 2, 0, 0, 0], [0, 1, 1, 1, 0, 1, 0, 2, 5, 1, 0], [0, 1, 0, 1, 1, 1, 2, 2, 0, 1, 0], [0, 1, 0, 0, 0, 2, 0, 0, 0, 1, 0], [0, 1, 1, 1, 1, 1, 1, 1, 1, 1, 0], [0, 0, 0, 0, 0, 0, 0, 0, 0, 0, 0]]"
2026-05-25T15:55:02.873842,0,West,1072.0,False,False,False,"[[0, 0, 0, 0, 0, 0, 0, 0, 0, 0, 0], [0, 2, 2, 2, 2, 1, 1, 1, 1, 1, 0], [0, 2, 0, 0, 0, 1, 0, 0, 0, 1, 0], [0, 2, 0, 1, 1, 1, 1, 1, 0, 1, 0], [0, 2, 2, 1, 0, 1, 0, 1, 1, 1, 0], [0, 0, 0, 1, 0, 1, 0, 1, 0, 0, 0], [0, 4, 4, 1, 2, 1, 1, 1, 1, 1, 0], [0, 1, 0, 1, 0, 0, 0, 2, 0, 1, 0], [0, 1, 0, 1, 0, 1, 0, 2, 0, 1, 0], [0, 1, 0, 1, 0, 1, 1, 2, 0, 1, 0], [0, 1, 0, 1, 0, 1, 1, 2, 0, 1, 0], [0, 1, 0, 1, 0, 1, 0, 2, 0, 1, 0], [0, 1, 0, 1, 0, 0, 0, 2, 0, 1, 0], [0, 1, 1, 1, 2, 1, 1, 1, 1, 1, 0], [0, 0, 0, 1, 0, 1, 0, 2, 0, 0, 0], [0, 1, 1, 1, 0, 1, 0, 5, 1, 1, 0], [0, 1, 0, 1, 1, 1, 2, 2, 0, 1, 0], [0, 1, 0, 0, 0, 2, 0, 0, 0, 1, 0], [0, 1, 1, 1, 1, 1, 1, 1, 1, 1, 0], [0, 0, 0, 0, 0, 0, 0, 0, 0, 0, 0]]"
2026-05-25T15:55:02.886554,0,West,1081.0,False,False,False,"[[0, 0, 0, 0, 0, 0, 0, 0, 0, 0, 0], [0, 2, 2, 2, 2, 1, 1, 1, 1, 1, 0], [0, 2, 0, 0, 0, 1, 0, 0, 0, 1, 0], [0, 2, 0, 1, 1, 1, 1, 1, 0, 1, 0], [0, 2, 2, 1, 0, 1, 0, 1, 1, 1, 0], [0, 0, 0, 1, 0, 1, 0, 1, 0, 0, 0], [0, 4, 4, 1, 2, 1, 1, 1, 1, 1, 0], [0, 1, 0, 1, 0, 0, 0, 2, 0, 1, 0], [0, 1, 0, 1, 0, 1, 0, 2, 0, 1, 0], [0, 1, 0, 1, 0, 1, 1, 2, 0, 1, 0], [0, 1, 0, 1, 0, 1, 1, 2, 0, 1, 0], [0, 1, 0, 1, 0, 1, 0, 2, 0, 1, 0], [0, 1, 0, 1, 0, 0, 0, 2, 0, 1, 0], [0, 1, 1, 1, 2, 1, 1, 1, 1, 1, 0], [0, 0, 0, 1, 0, 1, 0, 5, 0, 0, 0], [0, 1, 1, 1, 0, 1, 0, 1, 1, 1, 0], [0, 1, 0, 1, 1, 1, 2, 2, 0, 1, 0], [0, 1, 0, 0, 0, 2, 0, 0, 0, 1, 0], [0, 1, 1, 1, 1, 1, 1, 1, 1, 1, 0], [0, 0, 0, 0, 0, 0, 0, 0, 0, 0, 0]]"
2026-05-25T15:55:02.906810,0,West,1080.0,False,False,False,"[[0, 0, 0, 0, 0, 0, 0, 0, 0, 0, 0], [0, 2, 2, 2, 2, 1, 1, 1, 1, 1, 0], [0, 2, 0, 0, 0, 1, 0, 0, 0, 1, 0], [0, 2, 0, 1, 1, 1, 1, 1, 0, 1, 0], [0, 2, 2, 1, 0, 1, 0, 1, 1, 1, 0], [0, 0, 0, 1, 0, 1, 0, 1, 0, 0, 0], [0, 1, 4, 4, 2, 1, 1, 1, 1, 1, 0], [0, 1, 0, 1, 0, 0, 0, 2, 0, 1, 0], [0, 1, 0, 1, 0, 1, 0, 2, 0, 1, 0], [0, 1, 0, 1, 0, 1, 1, 2, 0, 1, 0], [0, 1, 0, 1, 0, 1, 1, 2, 0, 1, 0], [0, 1, 0, 1, 0, 1, 0, 2, 0, 1, 0], [0, 1, 0, 1, 0, 0, 0, 2, 0, 1, 0], [0, 1, 1, 1, 2, 1, 1, 5, 1, 1, 0], [0, 0, 0, 1, 0, 1, 0, 1, 0, 0, 0], [0, 1, 1, 1, 0, 1, 0, 1, 1, 1, 0], [0, 1, 0, 1, 1, 1, 2, 2, 0, 1, 0], [0, 1, 0, 0, 0, 2, 0, 0, 0, 1, 0], [0, 1, 1, 1, 1, 1, 1, 1, 1, 1, 0], [0, 0, 0, 0, 0, 0, 0, 0, 0, 0, 0]]"
2026-05-25T15:55:02.918927,0,West,1089.0,False,False,False,"[[0, 0, 0, 0, 0, 0, 0, 0, 0, 0, 0], [0, 2, 2, 2, 2, 1, 1, 1, 1, 1, 0], [0, 2, 0, 0, 0, 1, 0, 0, 0, 1, 0], [0, 2, 0, 1, 1, 1, 1, 1, 0, 1, 0], [0, 2, 2, 1, 0, 1, 0, 1, 1, 1, 0], [0, 0, 0, 4, 0, 1, 0, 1, 0, 0, 0], [0, 1, 4, 1, 2, 1, 1, 1, 1, 1, 0], [0, 1, 0, 1, 0, 0, 0, 2, 0, 1, 0], [0, 1, 0, 1, 0, 1, 0, 2, 0, 1, 0], [0, 1, 0, 1, 0, 1, 1, 2, 0, 1, 0], [0, 1, 0, 1, 0, 1, 1, 2, 0, 1, 0], [0, 1, 0, 1, 0, 1, 0, 2, 0, 1, 0], [0, 1, 0, 1, 0, 0, 0, 5, 0, 1, 0], [0, 1, 1, 1, 2, 1, 1, 1, 1, 1, 0], [0, 0, 0, 1, 0, 1, 0, 1, 0, 0, 0], [0, 1, 1, 1, 0, 1, 0, 1, 1, 1, 0], [0, 1, 0, 1, 1, 1, 2, 2, 0, 1, 0], [0, 1, 0, 0, 0, 2, 0, 0, 0, 1, 0], [0, 1, 1, 1, 1, 1, 1, 1, 1, 1, 0], [0, 0, 0, 0, 0, 0, 0, 0, 0, 0, 0]]"
2026-05-25T15:55:02.931219,0,West,1098.0,False,False,False,"[[0, 0, 0, 0, 0, 0, 0, 0, 0, 0, 0], [0, 2, 2, 2, 2, 1, 1, 1, 1, 1, 0], [0, 2, 0, 0, 0, 1, 0, 0, 0, 1, 0], [0, 2, 0, 1, 1, 1, 1, 1, 0, 1, 0], [0, 2, 2, 1, 0, 1, 0, 1, 1, 1, 0], [0, 0, 0, 4, 0, 1, 0, 1, 0, 0, 0], [0, 1, 1, 4, 2, 1, 1, 1, 1, 1, 0], [0, 1, 0, 1, 0, 0, 0, 2, 0, 1, 0], [0, 1, 0, 1, 0, 1, 0, 2, 0, 1, 0], [0, 1, 0, 1, 0, 1, 1, 2, 0, 1, 0], [0, 1, 0, 1, 0, 1, 1, 2, 0, 1, 0], [0, 1, 0, 1, 0, 1, 0, 5, 0, 1, 0], [0, 1, 0, 1, 0, 0, 0, 1, 0, 1, 0], [0, 1, 1, 1, 2, 1, 1, 1, 1, 1, 0], [0, 0, 0, 1, 0, 1, 0, 1, 0, 0, 0], [0, 1, 1, 1, 0, 1, 0, 1, 1, 1, 0], [0, 1, 0, 1, 1, 1, 2, 2, 0, 1, 0], [0, 1, 0, 0, 0, 2, 0, 0, 0, 1, 0], [0, 1, 1, 1, 1, 1, 1, 1, 1, 1, 0], [0, 0, 0, 0, 0, 0, 0, 0, 0, 0, 0]]"
2026-05-25T15:55:02.948207,0,West,1107.0,False,False,False,"[[0, 0, 0, 0, 0, 0, 0, 0, 0, 0, 0], [0, 2, 2, 2, 2, 1, 1, 1, 1, 1, 0], [0, 2, 0, 0, 0, 1, 0, 0, 0, 1, 0], [0, 2, 0, 1, 1, 1, 1, 1, 0, 1, 0], [0, 2, 2, 4, 0, 1, 0, 1, 1, 1, 0], [0, 0, 0, 4, 0, 1, 0, 1, 0, 0, 0], [0, 1, 1, 1, 2, 1, 1, 1, 1, 1, 0], [0, 1, 0, 1, 0, 0, 0, 2, 0, 1, 0], [0, 1, 0, 1, 0, 1, 0, 2, 0, 1, 0], [0, 1, 0, 1, 0, 1, 1, 2, 0, 1, 0], [0, 1, 0, 1, 0, 1, 1, 5, 0, 1, 0], [0, 1, 0, 1, 0, 1, 0, 1, 0, 1, 0], [0, 1, 0, 1, 0, 0, 0, 1, 0, 1, 0], [0, 1, 1, 1, 2, 1, 1, 1, 1, 1, 0], [0, 0, 0, 1, 0, 1, 0, 1, 0, 0, 0], [0, 1, 1, 1, 0, 1, 0, 1, 1, 1, 0], [0, 1, 0, 1, 1, 1, 2, 2, 0, 1, 0], [0, 1, 0, 0, 0, 2, 0, 0, 0, 1, 0], [0, 1, 1, 1, 1, 1, 1, 1, 1, 1, 0], [0, 0, 0, 0, 0, 0, 0, 0, 0, 0, 0]]"
2026-05-25T15:55:02.967655,0,West,1116.0,False,False,False,"[[0, 0, 0, 0, 0, 0, 0, 0, 0, 0, 0], [0, 2, 2, 2, 2, 1, 1, 1, 1, 1, 0], [0, 2, 0, 0, 0, 1, 0, 0, 0, 1, 0], [0, 2, 0, 1, 1, 1, 1, 1, 0, 1, 0], [0, 2, 2, 4, 0, 1, 0, 1, 1, 1, 0], [0, 0, 0, 4, 0, 1, 0, 1, 0, 0, 0], [0, 1, 1, 1, 2, 1, 1, 1, 1, 1, 0], [0, 1, 0, 1, 0, 0, 0, 2, 0, 1, 0], [0, 1, 0, 1, 0, 1, 0, 2, 0, 1, 0], [0, 1, 0, 1, 0, 1, 1, 5, 0, 1, 0], [0, 1, 0, 1, 0, 1, 1, 1, 0, 1, 0], [0, 1, 0, 1, 0, 1, 0, 1, 0, 1, 0], [0, 1, 0, 1, 0, 0, 0, 1, 0, 1, 0], [0, 1, 1, 1, 2, 1, 1, 1, 1, 1, 0], [0, 0, 0, 1, 0, 1, 0, 1, 0, 0, 0], [0, 1, 1, 1, 0, 1, 0, 1, 1, 1, 0], [0, 1, 0, 1, 1, 1, 2, 2, 0, 1, 0], [0, 1, 0, 0, 0, 2, 0, 0, 0, 1, 0], [0, 1, 1, 1, 1, 1, 1, 1, 1, 1, 0], [0, 0, 0, 0, 0, 0, 0, 0, 0, 0, 0]]"
2026-05-25T15:55:02.978639,0,West,1125.0,False,False,False,"[[0, 0, 0, 0, 0, 0, 0, 0, 0, 0, 0], [0, 2, 2, 2, 2, 1, 1, 1, 1, 1, 0], [0, 2, 0, 0, 0, 1, 0, 0, 0, 1, 0], [0, 2, 0, 1, 1, 1, 1, 1, 0, 1, 0], [0, 2, 4, 4, 0, 1, 0, 1, 1, 1, 0], [0, 0, 0, 1, 0, 1, 0, 1, 0, 0, 0], [0, 1, 1, 1, 2, 1, 1, 1, 1, 1, 0], [0, 1, 0, 1, 0, 0, 0, 2, 0, 1, 0], [0, 1, 0, 1, 0, 1, 0, 5, 0, 1, 0], [0, 1, 0, 1, 0, 1, 1, 1, 0, 1, 0], [0, 1, 0, 1, 0, 1, 1, 1, 0, 1, 0], [0, 1, 0, 1, 0, 1, 0, 1, 0, 1, 0], [0, 1, 0, 1, 0, 0, 0, 1, 0, 1, 0], [0, 1, 1, 1, 2, 1, 1, 1, 1, 1, 0], [0, 0, 0, 1, 0, 1, 0, 1, 0, 0, 0], [0, 1, 1, 1, 0, 1, 0, 1, 1, 1, 0], [0, 1, 0, 1, 1, 1, 2, 2, 0, 1, 0], [0, 1, 0, 0, 0, 2, 0, 0, 0, 1, 0], [0, 1, 1, 1, 1, 1, 1, 1, 1, 1, 0], [0, 0, 0, 0, 0, 0, 0, 0, 0, 0, 0]]"
2026-05-25T15:55:02.994060,0,West,1134.0,False,False,False,"[[0, 0, 0, 0, 0, 0, 0, 0, 0, 0, 0], [0, 2, 2, 2, 2, 1, 1, 1, 1, 1, 0], [0, 2, 0, 0, 0, 1, 0, 0, 0, 1, 0], [0, 2, 0, 1, 1, 1, 1, 1, 0, 1, 0], [0, 2, 4, 4, 0, 1, 0, 1, 1, 1, 0], [0, 0, 0, 1, 0, 1, 0, 1, 0, 0, 0], [0, 1, 1, 1, 2, 1, 1, 1, 1, 1, 0], [0, 1, 0, 1, 0, 0, 0, 5, 0, 1, 0], [0, 1, 0, 1, 0, 1, 0, 1, 0, 1, 0], [0, 1, 0, 1, 0, 1, 1, 1, 0, 1, 0], [0, 1, 0, 1, 0, 1, 1, 1, 0, 1, 0], [0, 1, 0, 1, 0, 1, 0, 1, 0, 1, 0], [0, 1, 0, 1, 0, 0, 0, 1, 0, 1, 0], [0, 1, 1, 1, 2, 1, 1, 1, 1, 1, 0], [0, 0, 0, 1, 0, 1, 0, 1, 0, 0, 0], [0, 1, 1, 1, 0, 1, 0, 1, 1, 1, 0], [0, 1, 0, 1, 1, 1, 2, 2, 0, 1, 0], [0, 1, 0, 0, 0, 2, 0, 0, 0, 1, 0], [0, 1, 1, 1, 1, 1, 1, 1, 1, 1, 0], [0, 0, 0, 0, 0, 0, 0, 0, 0, 0, 0]]"
2026-05-25T15:55:03.012498,0,South,1133.0,False,False,False,"[[0, 0, 0, 0, 0, 0, 0, 0, 0, 0, 0], [0, 2, 2, 2, 2, 1, 1, 1, 1, 1, 0], [0, 2, 0, 0, 0, 1, 0, 0, 0, 1, 0], [0, 2, 0, 4, 1, 1, 1, 1, 0, 1, 0], [0, 4, 2, 1, 0, 1, 0, 1, 1, 1, 0], [0, 0, 0, 1, 0, 1, 0, 1, 0, 0, 0], [0, 1, 1, 1, 2, 1, 1, 5, 1, 1, 0], [0, 1, 0, 1, 0, 0, 0, 1, 0, 1, 0], [0, 1, 0, 1, 0, 1, 0, 1, 0, 1, 0], [0, 1, 0, 1, 0, 1, 1, 1, 0, 1, 0], [0, 1, 0, 1, 0, 1, 1, 1, 0, 1, 0], [0, 1, 0, 1, 0, 1, 0, 1, 0, 1, 0], [0, 1, 0, 1, 0, 0, 0, 1, 0, 1, 0], [0, 1, 1, 1, 2, 1, 1, 1, 1, 1, 0], [0, 0, 0, 1, 0, 1, 0, 1, 0, 0, 0], [0, 1, 1, 1, 0, 1, 0, 1, 1, 1, 0], [0, 1, 0, 1, 1, 1, 2, 2, 0, 1, 0], [0, 1, 0, 0, 0, 2, 0, 0, 0, 1, 0], [0, 1, 1, 1, 1, 1, 1, 1, 1, 1, 0], [0, 0, 0, 0, 0, 0, 0, 0, 0, 0, 0]]"
2026-05-25T15:55:03.024476,0,South,1132.0,False,False,False,"[[0, 0, 0, 0, 0, 0, 0, 0, 0, 0, 0], [0, 2, 2, 2, 2, 1, 1, 1, 1, 1, 0], [0, 2, 0, 0, 0, 1, 0, 0, 0, 1, 0], [0, 2, 0, 4, 1, 1, 1, 1, 0, 1, 0], [0, 4, 2, 1, 0, 1, 0, 1, 1, 1, 0], [0, 0, 0, 1, 0, 1, 0, 1, 0, 0, 0], [0, 1, 1, 1, 2, 1, 5, 1, 1, 1, 0], [0, 1, 0, 1, 0, 0, 0, 1, 0, 1, 0], [0, 1, 0, 1, 0, 1, 0, 1, 0, 1, 0], [0, 1, 0, 1, 0, 1, 1, 1, 0, 1, 0], [0, 1, 0, 1, 0, 1, 1, 1, 0, 1, 0], [0, 1, 0, 1, 0, 1, 0, 1, 0, 1, 0], [0, 1, 0, 1, 0, 0, 0, 1, 0, 1, 0], [0, 1, 1, 1, 2, 1, 1, 1, 1, 1, 0], [0, 0, 0, 1, 0, 1, 0, 1, 0, 0, 0], [0, 1, 1, 1, 0, 1, 0, 1, 1, 1, 0], [0, 1, 0, 1, 1, 1, 2, 2, 0, 1, 0], [0, 1, 0, 0, 0, 2, 0, 0, 0, 1, 0], [0, 1, 1, 1, 1, 1, 1, 1, 1, 1, 0], [0, 0, 0, 0, 0, 0, 0, 0, 0, 0, 0]]"
2026-05-25T15:55:03.037866,0,West,1131.0,False,False,False,"[[0, 0, 0, 0, 0, 0, 0, 0, 0, 0, 0], [0, 2, 2, 2, 2, 1, 1, 1, 1, 1, 0], [0, 2, 0, 0, 0, 1, 0, 0, 0, 1, 0], [0, 4, 0, 4, 1, 1, 1, 1, 0, 1, 0], [0, 2, 2, 1, 0, 1, 0, 1, 1, 1, 0], [0, 0, 0, 1, 0, 1, 0, 1, 0, 0, 0], [0, 1, 1, 1, 2, 5, 1, 1, 1, 1, 0], [0, 1, 0, 1, 0, 0, 0, 1, 0, 1, 0], [0, 1, 0, 1, 0, 1, 0, 1, 0, 1, 0], [0, 1, 0, 1, 0, 1, 1, 1, 0, 1, 0], [0, 1, 0, 1, 0, 1, 1, 1, 0, 1, 0], [0, 1, 0, 1, 0, 1, 0, 1, 0, 1, 0], [0, 1, 0, 1, 0, 0, 0, 1, 0, 1, 0], [0, 1, 1, 1, 2, 1, 1, 1, 1, 1, 0], [0, 0, 0, 1, 0, 1, 0, 1, 0, 0, 0], [0, 1, 1, 1, 0, 1, 0, 1, 1, 1, 0], [0, 1, 0, 1, 1, 1, 2, 2, 0, 1, 0], [0, 1, 0, 0, 0, 2, 0, 0, 0, 1, 0], [0, 1, 1, 1, 1, 1, 1, 1, 1, 1, 0], [0, 0, 0, 0, 0, 0, 0, 0, 0, 0, 0]]"
2026-05-25T15:55:03.048339,0,West,1130.0,False,False,False,"[[0, 0, 0, 0, 0, 0, 0, 0, 0, 0, 0], [0, 2, 2, 2, 2, 1, 1, 1, 1, 1, 0], [0, 2, 0, 0, 0, 1, 0, 0, 0, 1, 0], [0, 4, 0, 1, 4, 1, 1, 1, 0, 1, 0], [0, 2, 2, 1, 0, 1, 0, 1, 1, 1, 0], [0, 0, 0, 1, 0, 5, 0, 1, 0, 0, 0], [0, 1, 1, 1, 2, 1, 1, 1, 1, 1, 0], [0, 1, 0, 1, 0, 0, 0, 1, 0, 1, 0], [0, 1, 0, 1, 0, 1, 0, 1, 0, 1, 0], [0, 1, 0, 1, 0, 1, 1, 1, 0, 1, 0], [0, 1, 0, 1, 0, 1, 1, 1, 0, 1, 0], [0, 1, 0, 1, 0, 1, 0, 1, 0, 1, 0], [0, 1, 0, 1, 0, 0, 0, 1, 0, 1, 0], [0, 1, 1, 1, 2, 1, 1, 1, 1, 1, 0], [0, 0, 0, 1, 0, 1, 0, 1, 0, 0, 0], [0, 1, 1, 1, 0, 1, 0, 1, 1, 1, 0], [0, 1, 0, 1, 1, 1, 2, 2, 0, 1, 0], [0, 1, 0, 0, 0, 2, 0, 0, 0, 1, 0], [0, 1, 1, 1, 1, 1, 1, 1, 1, 1, 0], [0, 0, 0, 0, 0, 0, 0, 0, 0, 0, 0]]"
2026-05-25T15:55:03.064104,0,West,1129.0,False,False,False,"[[0, 0, 0, 0, 0, 0, 0, 0, 0, 0, 0], [0, 2, 2, 2, 2, 1, 1, 1, 1, 1, 0], [0, 4, 0, 0, 0, 1, 0, 0, 0, 1, 0], [0, 2, 0, 1, 4, 1, 1, 1, 0, 1, 0], [0, 2, 2, 1, 0, 5, 0, 1, 1, 1, 0], [0, 0, 0, 1, 0, 1, 0, 1, 0, 0, 0], [0, 1, 1, 1, 2, 1, 1, 1, 1, 1, 0], [0, 1, 0, 1, 0, 0, 0, 1, 0, 1, 0], [0, 1, 0, 1, 0, 1, 0, 1, 0, 1, 0], [0, 1, 0, 1, 0, 1, 1, 1, 0, 1, 0], [0, 1, 0, 1, 0, 1, 1, 1, 0, 1, 0], [0, 1, 0, 1, 0, 1, 0, 1, 0, 1, 0], [0, 1, 0, 1, 0, 0, 0, 1, 0, 1, 0], [0, 1, 1, 1, 2, 1, 1, 1, 1, 1, 0], [0, 0, 0, 1, 0, 1, 0, 1, 0, 0, 0], [0, 1, 1, 1, 0, 1, 0, 1, 1, 1, 0], [0, 1, 0, 1, 1, 1, 2, 2, 0, 1, 0], [0, 1, 0, 0, 0, 2, 0, 0, 0, 1, 0], [0, 1, 1, 1, 1, 1, 1, 1, 1, 1, 0], [0, 0, 0, 0, 0, 0, 0, 0, 0, 0, 0]]"
2026-05-25T15:55:03.086772,0,West,1328.0,False,False,False,"[[0, 0, 0, 0, 0, 0, 0, 0, 0, 0, 0], [0, 2, 2, 2, 2, 1, 1, 1, 1, 1, 0], [0, 4, 0, 0, 0, 1, 0, 0, 0, 1, 0], [0, 2, 0, 1, 1, 5, 1, 1, 0, 1, 0], [0, 2, 2, 1, 0, 1, 0, 1, 1, 1, 0], [0, 0, 0, 1, 0, 1, 0, 1, 0, 0, 0], [0, 1, 1, 1, 2, 1, 1, 1, 1, 1, 0], [0, 1, 0, 1, 0, 0, 0, 1, 0, 1, 0], [0, 1, 0, 1, 0, 1, 0, 1, 0, 1, 0], [0, 1, 0, 1, 0, 1, 1, 1, 0, 1, 0], [0, 1, 0, 1, 0, 4, 1, 1, 0, 1, 0], [0, 1, 0, 1, 0, 1, 0, 1, 0, 1, 0], [0, 1, 0, 1, 0, 0, 0, 1, 0, 1, 0], [0, 1, 1, 1, 2, 1, 1, 1, 1, 1, 0], [0, 0, 0, 1, 0, 1, 0, 1, 0, 0, 0], [0, 1, 1, 1, 0, 1, 0, 1, 1, 1, 0], [0, 1, 0, 1, 1, 1, 2, 2, 0, 1, 0], [0, 1, 0, 0, 0, 2, 0, 0, 0, 1, 0], [0, 1, 1, 1, 1, 1, 1, 1, 1, 1, 0], [0, 0, 0, 0, 0, 0, 0, 0, 0, 0, 0]]"
2026-05-25T15:55:03.106465,0,West,1327.0,False,False,False,"[[0, 0, 0, 0, 0, 0, 0, 0, 0, 0, 0], [0, 4, 2, 2, 2, 1, 1, 1, 1, 1, 0], [0, 2, 0, 0, 0, 5, 0, 0, 0, 1, 0], [0, 2, 0, 1, 1, 1, 1, 1, 0, 1, 0], [0, 2, 2, 1, 0, 1, 0, 1, 1, 1, 0], [0, 0, 0, 1, 0, 1, 0, 1, 0, 0, 0], [0, 1, 1, 1, 2, 1, 1, 1, 1, 1, 0], [0, 1, 0, 1, 0, 0, 0, 1, 0, 1, 0], [0, 1, 0, 1, 0, 1, 0, 1, 0, 1, 0], [0, 1, 0, 1, 0, 4, 1, 1, 0, 1, 0], [0, 1, 0, 1, 0, 1, 1, 1, 0, 1, 0], [0, 1, 0, 1, 0, 1, 0, 1, 0, 1, 0], [0, 1, 0, 1, 0, 0, 0, 1, 0, 1, 0], [0, 1, 1, 1, 2, 1, 1, 1, 1, 1, 0], [0, 0, 0, 1, 0, 1, 0, 1, 0, 0, 0], [0, 1, 1, 1, 0, 1, 0, 1, 1, 1, 0], [0, 1, 0, 1, 1, 1, 2, 2, 0, 1, 0], [0, 1, 0, 0, 0, 2, 0, 0, 0, 1, 0], [0, 1, 1, 1, 1, 1, 1, 1, 1, 1, 0], [0, 0, 0, 0, 0, 0, 0, 0, 0, 0, 0]]"
2026-05-25T15:55:03.125534,0,South,1326.0,False,False,False,"[[0, 0, 0, 0, 0, 0, 0, 0, 0, 0, 0], [0, 4, 2, 2, 2, 5, 1, 1, 1, 1, 0], [0, 2, 0, 0, 0, 1, 0, 0, 0, 1, 0], [0, 2, 0, 1, 1, 1, 1, 1, 0, 1, 0], [0, 2, 2, 1, 0, 1, 0, 1, 1, 1, 0], [0, 0, 0, 1, 0, 1, 0, 1, 0, 0, 0], [0, 1, 1, 1, 2, 1, 1, 1, 1, 1, 0], [0, 1, 0, 1, 0, 0, 0, 1, 0, 1, 0], [0, 1, 0, 1, 0, 4, 0, 1, 0, 1, 0], [0, 1, 0, 1, 0, 1, 1, 1, 0, 1, 0], [0, 1, 0, 1, 0, 1, 1, 1, 0, 1, 0], [0, 1, 0, 1, 0, 1, 0, 1, 0, 1, 0], [0, 1, 0, 1, 0, 0, 0, 1, 0, 1, 0], [0, 1, 1, 1, 2, 1, 1, 1, 1, 1, 0], [0, 0, 0, 1, 0, 1, 0, 1, 0, 0, 0], [0, 1, 1, 1, 0, 1, 0, 1, 1, 1, 0], [0, 1, 0, 1, 1, 1, 2, 2, 0, 1, 0], [0, 1, 0, 0, 0, 2, 0, 0, 0, 1, 0], [0, 1, 1, 1, 1, 1, 1, 1, 1, 1, 0], [0, 0, 0, 0, 0, 0, 0, 0, 0, 0, 0]]"
2026-05-25T15:55:03.152829,0,South,1335.0,False,False,False,"[[0, 0, 0, 0, 0, 0, 0, 0, 0, 0, 0], [0, 4, 2, 2, 5, 1, 1, 1, 1, 1, 0], [0, 2, 0, 0, 0, 1, 0, 0, 0, 1, 0], [0, 2, 0, 1, 1, 1, 1, 1, 0, 1, 0], [0, 2, 2, 1, 0, 1, 0, 1, 1, 1, 0], [0, 0, 0, 1, 0, 1, 0, 1, 0, 0, 0], [0, 1, 1, 1, 2, 1, 1, 1, 1, 1, 0], [0, 1, 0, 1, 0, 0, 0, 1, 0, 1, 0], [0, 1, 0, 1, 0, 1, 0, 1, 0, 1, 0], [0, 1, 0, 1, 0, 4, 1, 1, 0, 1, 0], [0, 1, 0, 1, 0, 1, 1, 1, 0, 1, 0], [0, 1, 0, 1, 0, 1, 0, 1, 0, 1, 0], [0, 1, 0, 1, 0, 0, 0, 1, 0, 1, 0], [0, 1, 1, 1, 2, 1, 1, 1, 1, 1, 0], [0, 0, 0, 1, 0, 1, 0, 1, 0, 0, 0], [0, 1, 1, 1, 0, 1, 0, 1, 1, 1, 0], [0, 1, 0, 1, 1, 1, 2, 2, 0, 1, 0], [0, 1, 0, 0, 0, 2, 0, 0, 0, 1, 0], [0, 1, 1, 1, 1, 1, 1, 1, 1, 1, 0], [0, 0, 0, 0, 0, 0, 0, 0, 0, 0, 0]]"
2026-05-25T15:55:03.189332,0,South,1344.0,False,False,False,"[[0, 0, 0, 0, 0, 0, 0, 0, 0, 0, 0], [0, 2, 4, 5, 1, 1, 1, 1, 1, 1, 0], [0, 2, 0, 0, 0, 1, 0, 0, 0, 1, 0], [0, 2, 0, 1, 1, 1, 1, 1, 0, 1, 0], [0, 2, 2, 1, 0, 1, 0, 1, 1, 1, 0], [0, 0, 0, 1, 0, 1, 0, 1, 0, 0, 0], [0, 1, 1, 1, 2, 1, 1, 1, 1, 1, 0], [0, 1, 0, 1, 0, 0, 0, 1, 0, 1, 0], [0, 1, 0, 1, 0, 1, 0, 1, 0, 1, 0], [0, 1, 0, 1, 0, 1, 4, 1, 0, 1, 0], [0, 1, 0, 1, 0, 1, 1, 1, 0, 1, 0], [0, 1, 0, 1, 0, 1, 0, 1, 0, 1, 0], [0, 1, 0, 1, 0, 0, 0, 1, 0, 1, 0], [0, 1, 1, 1, 2, 1, 1, 1, 1, 1, 0], [0, 0, 0, 1, 0, 1, 0, 1, 0, 0, 0], [0, 1, 1, 1, 0, 1, 0, 1, 1, 1, 0], [0, 1, 0, 1, 1, 1, 2, 2, 0, 1, 0], [0, 1, 0, 0, 0, 2, 0, 0, 0, 1, 0], [0, 1, 1, 1, 1, 1, 1, 1, 1, 1, 0], [0, 0, 0, 0, 0, 0, 0, 0, 0, 0, 0]]"
2026-05-25T15:55:03.256000,0,South,1553.0,False,False,False,"[[0, 0, 0, 0, 0, 0, 0, 0, 0, 0, 0], [0, 2, 5, 1, 1, 1, 1, 1, 1, 1, 0], [0, 2, 0, 0, 0, 1, 0, 0, 0, 1, 0], [0, 2, 0, 1, 1, 1, 1, 1, 0, 1, 0], [0, 2, 2, 1, 0, 1, 0, 1, 1, 1, 0], [0, 0, 0, 1, 0, 1, 0, 1, 0, 0, 0], [0, 1, 1, 1, 2, 1, 1, 1, 1, 1, 0], [0, 1, 0, 1, 0, 0, 0, 1, 0, 1, 0], [0, 1, 0, 1, 0, 1, 0, 1, 0, 1, 0], [0, 1, 0, 1, 0, 4, 1, 4, 0, 1, 0], [0, 1, 0, 1, 0, 1, 1, 1, 0, 1, 0], [0, 1, 0, 1, 0, 1, 0, 1, 0, 1, 0], [0, 1, 0, 1, 0, 0, 0, 1, 0, 1, 0], [0, 1, 1, 1, 2, 1, 1, 1, 1, 1, 0], [0, 0, 0, 1, 0, 1, 0, 1, 0, 0, 0], [0, 1, 1, 1, 0, 1, 0, 1, 1, 1, 0], [0, 1, 0, 1, 1, 1, 2, 2, 0, 1, 0], [0, 1, 0, 0, 0, 2, 0, 0, 0, 1, 0], [0, 1, 1, 1, 1, 1, 1, 1, 1, 1, 0], [0, 0, 0, 0, 0, 0, 0, 0, 0, 0, 0]]"
2026-05-25T15:55:03.293949,0,East,1562.0,False,False,False,"[[0, 0, 0, 0, 0, 0, 0, 0, 0, 0, 0], [0, 5, 1, 1, 1, 1, 1, 1, 1, 1, 0], [0, 2, 0, 0, 0, 1, 0, 0, 0, 1, 0], [0, 2, 0, 1, 1, 1, 1, 1, 0, 1, 0], [0, 2, 2, 1, 0, 1, 0, 1, 1, 1, 0], [0, 0, 0, 1, 0, 1, 0, 1, 0, 0, 0], [0, 1, 1, 1, 2, 1, 1, 1, 1, 1, 0], [0, 1, 0, 1, 0, 0, 0, 1, 0, 1, 0], [0, 1, 0, 1, 0, 1, 0, 4, 0, 1, 0], [0, 1, 0, 1, 0, 1, 1, 1, 0, 1, 0], [0, 1, 0, 1, 0, 4, 1, 1, 0, 1, 0], [0, 1, 0, 1, 0, 1, 0, 1, 0, 1, 0], [0, 1, 0, 1, 0, 0, 0, 1, 0, 1, 0], [0, 1, 1, 1, 2, 1, 1, 1, 1, 1, 0], [0, 0, 0, 1, 0, 1, 0, 1, 0, 0, 0], [0, 1, 1, 1, 0, 1, 0, 1, 1, 1, 0], [0, 1, 0, 1, 1, 1, 2, 2, 0, 1, 0], [0, 1, 0, 0, 0, 2, 0, 0, 0, 1, 0], [0, 1, 1, 1, 1, 1, 1, 1, 1, 1, 0], [0, 0, 0, 0, 0, 0, 0, 0, 0, 0, 0]]"
2026-05-25T15:55:03.334477,0,East,1571.0,False,False,False,"[[0, 0, 0, 0, 0, 0, 0, 0, 0, 0, 0], [0, 1, 1, 1, 1, 1, 1, 1, 1, 1, 0], [0, 5, 0, 0, 0, 1, 0, 0, 0, 1, 0], [0, 2, 0, 1, 1, 1, 1, 1, 0, 1, 0], [0, 2, 2, 1, 0, 1, 0, 1, 1, 1, 0], [0, 0, 0, 1, 0, 1, 0, 1, 0, 0, 0], [0, 1, 1, 1, 2, 1, 1, 1, 1, 1, 0], [0, 1, 0, 1, 0, 0, 0, 4, 0, 1, 0], [0, 1, 0, 1, 0, 1, 0, 1, 0, 1, 0], [0, 1, 0, 1, 0, 1, 1, 1, 0, 1, 0], [0, 1, 0, 1, 0, 1, 1, 1, 0, 1, 0], [0, 1, 0, 1, 0, 4, 0, 1, 0, 1, 0], [0, 1, 0, 1, 0, 0, 0, 1, 0, 1, 0], [0, 1, 1, 1, 2, 1, 1, 1, 1, 1, 0], [0, 0, 0, 1, 0, 1, 0, 1, 0, 0, 0], [0, 1, 1, 1, 0, 1, 0, 1, 1, 1, 0], [0, 1, 0, 1, 1, 1, 2, 2, 0, 1, 0], [0, 1, 0, 0, 0, 2, 0, 0, 0, 1, 0], [0, 1, 1, 1, 1, 1, 1, 1, 1, 1, 0], [0, 0, 0, 0, 0, 0, 0, 0, 0, 0, 0]]"
2026-05-25T15:55:03.439202,0,Stop,1580.0,False,False,False,"[[0, 0, 0, 0, 0, 0, 0, 0, 0, 0, 0], [0, 1, 1, 1, 1, 1, 1, 1, 1, 1, 0], [0, 1, 0, 0, 0, 1, 0, 0, 0, 1, 0], [0, 5, 0, 1, 1, 1, 1, 1, 0, 1, 0], [0, 2, 2, 1, 0, 1, 0, 1, 1, 1, 0], [0, 0, 0, 1, 0, 1, 0, 1, 0, 0, 0], [0, 1, 1, 1, 2, 1, 1, 4, 1, 1, 0], [0, 1, 0, 1, 0, 0, 0, 1, 0, 1, 0], [0, 1, 0, 1, 0, 1, 0, 1, 0, 1, 0], [0, 1, 0, 1, 0, 1, 1, 1, 0, 1, 0], [0, 1, 0, 1, 0, 4, 1, 1, 0, 1, 0], [0, 1, 0, 1, 0, 1, 0, 1, 0, 1, 0], [0, 1, 0, 1, 0, 0, 0, 1, 0, 1, 0], [0, 1, 1, 1, 2, 1, 1, 1, 1, 1, 0], [0, 0, 0, 1, 0, 1, 0, 1, 0, 0, 0], [0, 1, 1, 1, 0, 1, 0, 1, 1, 1, 0], [0, 1, 0, 1, 1, 1, 2, 2, 0, 1, 0], [0, 1, 0, 0, 0, 2, 0, 0, 0, 1, 0], [0, 1, 1, 1, 1, 1, 1, 1, 1, 1, 0], [0, 0, 0, 0, 0, 0, 0, 0, 0, 0, 0]]"
2026-05-25T15:55:03.478944,0,East,1579.0,False,False,False,"[[0, 0, 0, 0, 0, 0, 0, 0, 0, 0, 0], [0, 1, 1, 1, 1, 1, 1, 1, 1, 1, 0], [0, 1, 0, 0, 0, 1, 0, 0, 0, 1, 0], [0, 5, 0, 1, 1, 1, 1, 1, 0, 1, 0], [0, 2, 2, 1, 0, 1, 0, 1, 1, 1, 0], [0, 0, 0, 1, 0, 1, 0, 4, 0, 0, 0], [0, 1, 1, 1, 2, 1, 1, 1, 1, 1, 0], [0, 1, 0, 1, 0, 0, 0, 1, 0, 1, 0], [0, 1, 0, 1, 0, 1, 0, 1, 0, 1, 0], [0, 1, 0, 1, 0, 4, 1, 1, 0, 1, 0], [0, 1, 0, 1, 0, 1, 1, 1, 0, 1, 0], [0, 1, 0, 1, 0, 1, 0, 1, 0, 1, 0], [0, 1, 0, 1, 0, 0, 0, 1, 0, 1, 0], [0, 1, 1, 1, 2, 1, 1, 1, 1, 1, 0], [0, 0, 0, 1, 0, 1, 0, 1, 0, 0, 0], [0, 1, 1, 1, 0, 1, 0, 1, 1, 1, 0], [0, 1, 0, 1, 1, 1, 2, 2, 0, 1, 0], [0, 1, 0, 0, 0, 2, 0, 0, 0, 1, 0], [0, 1, 1, 1, 1, 1, 1, 1, 1, 1, 0], [0, 0, 0, 0, 0, 0, 0, 0, 0, 0, 0]]"
2026-05-25T15:55:03.497689,0,North,1588.0,False,False,False,"[[0, 0, 0, 0, 0, 0, 0, 0, 0, 0, 0], [0, 1, 1, 1, 1, 1, 1, 1, 1, 1, 0], [0, 1, 0, 0, 0, 1, 0, 0, 0, 1, 0], [0, 1, 0, 1, 1, 1, 1, 1, 0, 1, 0], [0, 5, 2, 1, 0, 1, 0, 4, 1, 1, 0], [0, 0, 0, 1, 0, 1, 0, 1, 0, 0, 0], [0, 1, 1, 1, 2, 1, 1, 1, 1, 1, 0], [0, 1, 0, 1, 0, 0, 0, 1, 0, 1, 0], [0, 1, 0, 1, 0, 4, 0, 1, 0, 1, 0], [0, 1, 0, 1, 0, 1, 1, 1, 0, 1, 0], [0, 1, 0, 1, 0, 1, 1, 1, 0, 1, 0], [0, 1, 0, 1, 0, 1, 0, 1, 0, 1, 0], [0, 1, 0, 1, 0, 0, 0, 1, 0, 1, 0], [0, 1, 1, 1, 2, 1, 1, 1, 1, 1, 0], [0, 0, 0, 1, 0, 1, 0, 1, 0, 0, 0], [0, 1, 1, 1, 0, 1, 0, 1, 1, 1, 0], [0, 1, 0, 1, 1, 1, 2, 2, 0, 1, 0], [0, 1, 0, 0, 0, 2, 0, 0, 0, 1, 0], [0, 1, 1, 1, 1, 1, 1, 1, 1, 1, 0], [0, 0, 0, 0, 0, 0, 0, 0, 0, 0, 0]]"
2026-05-25T15:55:03.523216,0,North,1597.0,False,False,False,"[[0, 0, 0, 0, 0, 0, 0, 0, 0, 0, 0], [0, 1, 1, 1, 1, 1, 1, 1, 1, 1, 0], [0, 1, 0, 0, 0, 1, 0, 0, 0, 1, 0], [0, 1, 0, 1, 1, 1, 1, 1, 0, 1, 0], [0, 1, 5, 1, 0, 1, 0, 1, 4, 1, 0], [0, 0, 0, 1, 0, 1, 0, 1, 0, 0, 0], [0, 1, 1, 1, 2, 1, 1, 1, 1, 1, 0], [0, 1, 0, 1, 0, 0, 0, 1, 0, 1, 0], [0, 1, 0, 1, 0, 1, 0, 1, 0, 1, 0], [0, 1, 0, 1, 0, 4, 1, 1, 0, 1, 0], [0, 1, 0, 1, 0, 1, 1, 1, 0, 1, 0], [0, 1, 0, 1, 0, 1, 0, 1, 0, 1, 0], [0, 1, 0, 1, 0, 0, 0, 1, 0, 1, 0], [0, 1, 1, 1, 2, 1, 1, 1, 1, 1, 0], [0, 0, 0, 1, 0, 1, 0, 1, 0, 0, 0], [0, 1, 1, 1, 0, 1, 0, 1, 1, 1, 0], [0, 1, 0, 1, 1, 1, 2, 2, 0, 1, 0], [0, 1, 0, 0, 0, 2, 0, 0, 0, 1, 0], [0, 1, 1, 1, 1, 1, 1, 1, 1, 1, 0], [0, 0, 0, 0, 0, 0, 0, 0, 0, 0, 0]]"
2026-05-25T15:55:03.556276,0,East,1596.0,False,False,False,"[[0, 0, 0, 0, 0, 0, 0, 0, 0, 0, 0], [0, 1, 1, 1, 1, 1, 1, 1, 1, 1, 0], [0, 1, 0, 0, 0, 1, 0, 0, 0, 1, 0], [0, 1, 0, 1, 1, 1, 1, 1, 0, 1, 0], [0, 1, 1, 5, 0, 1, 0, 1, 1, 4, 0], [0, 0, 0, 1, 0, 1, 0, 1, 0, 0, 0], [0, 1, 1, 1, 2, 1, 1, 1, 1, 1, 0], [0, 1, 0, 1, 0, 0, 0, 1, 0, 1, 0], [0, 1, 0, 1, 0, 1, 0, 1, 0, 1, 0], [0, 1, 0, 1, 0, 1, 4, 1, 0, 1, 0], [0, 1, 0, 1, 0, 1, 1, 1, 0, 1, 0], [0, 1, 0, 1, 0, 1, 0, 1, 0, 1, 0], [0, 1, 0, 1, 0, 0, 0, 1, 0, 1, 0], [0, 1, 1, 1, 2, 1, 1, 1, 1, 1, 0], [0, 0, 0, 1, 0, 1, 0, 1, 0, 0, 0], [0, 1, 1, 1, 0, 1, 0, 1, 1, 1, 0], [0, 1, 0, 1, 1, 1, 2, 2, 0, 1, 0], [0, 1, 0, 0, 0, 2, 0, 0, 0, 1, 0], [0, 1, 1, 1, 1, 1, 1, 1, 1, 1, 0], [0, 0, 0, 0, 0, 0, 0, 0, 0, 0, 0]]"
2026-05-25T15:55:03.593022,0,East,1595.0,False,False,False,"[[0, 0, 0, 0, 0, 0, 0, 0, 0, 0, 0], [0, 1, 1, 1, 1, 1, 1, 1, 1, 1, 0], [0, 1, 0, 0, 0, 1, 0, 0, 0, 1, 0], [0, 1, 0, 1, 1, 1, 1, 1, 0, 4, 0], [0, 1, 1, 1, 0, 1, 0, 1, 1, 1, 0], [0, 0, 0, 5, 0, 1, 0, 1, 0, 0, 0], [0, 1, 1, 1, 2, 1, 1, 1, 1, 1, 0], [0, 1, 0, 1, 0, 0, 0, 1, 0, 1, 0], [0, 1, 0, 1, 0, 1, 0, 1, 0, 1, 0], [0, 1, 0, 1, 0, 1, 1, 1, 0, 1, 0], [0, 1, 0, 1, 0, 1, 4, 1, 0, 1, 0], [0, 1, 0, 1, 0, 1, 0, 1, 0, 1, 0], [0, 1, 0, 1, 0, 0, 0, 1, 0, 1, 0], [0, 1, 1, 1, 2, 1, 1, 1, 1, 1, 0], [0, 0, 0, 1, 0, 1, 0, 1, 0, 0, 0], [0, 1, 1, 1, 0, 1, 0, 1, 1, 1, 0], [0, 1, 0, 1, 1, 1, 2, 2, 0, 1, 0], [0, 1, 0, 0, 0, 2, 0, 0, 0, 1, 0], [0, 1, 1, 1, 1, 1, 1, 1, 1, 1, 0], [0, 0, 0, 0, 0, 0, 0, 0, 0, 0, 0]]"
2026-05-25T15:55:03.626269,0,North,1594.0,False,False,False,"[[0, 0, 0, 0, 0, 0, 0, 0, 0, 0, 0], [0, 1, 1, 1, 1, 1, 1, 1, 1, 1, 0], [0, 1, 0, 0, 0, 1, 0, 0, 0, 4, 0], [0, 1, 0, 1, 1, 1, 1, 1, 0, 1, 0], [0, 1, 1, 1, 0, 1, 0, 1, 1, 1, 0], [0, 0, 0, 1, 0, 1, 0, 1, 0, 0, 0], [0, 1, 1, 5, 2, 1, 1, 1, 1, 1, 0], [0, 1, 0, 1, 0, 0, 0, 1, 0, 1, 0], [0, 1, 0, 1, 0, 1, 0, 1, 0, 1, 0], [0, 1, 0, 1, 0, 1, 1, 1, 0, 1, 0], [0, 1, 0, 1, 0, 1, 1, 4, 0, 1, 0], [0, 1, 0, 1, 0, 1, 0, 1, 0, 1, 0], [0, 1, 0, 1, 0, 0, 0, 1, 0, 1, 0], [0, 1, 1, 1, 2, 1, 1, 1, 1, 1, 0], [0, 0, 0, 1, 0, 1, 0, 1, 0, 0, 0], [0, 1, 1, 1, 0, 1, 0, 1, 1, 1, 0], [0, 1, 0, 1, 1, 1, 2, 2, 0, 1, 0], [0, 1, 0, 0, 0, 2, 0, 0, 0, 1, 0], [0, 1, 1, 1, 1, 1, 1, 1, 1, 1, 0], [0, 0, 0, 0, 0, 0, 0, 0, 0, 0, 0]]"
2026-05-25T15:55:03.653899,0,South,1603.0,False,False,False,"[[0, 0, 0, 0, 0, 0, 0, 0, 0, 0, 0], [0, 1, 1, 1, 1, 1, 1, 1, 1, 4, 0], [0, 1, 0, 0, 0, 1, 0, 0, 0, 1, 0], [0, 1, 0, 1, 1, 1, 1, 1, 0, 1, 0], [0, 1, 1, 1, 0, 1, 0, 1, 1, 1, 0], [0, 0, 0, 1, 0, 1, 0, 1, 0, 0, 0], [0, 1, 1, 1, 5, 1, 1, 1, 1, 1, 0], [0, 1, 0, 1, 0, 0, 0, 1, 0, 1, 0], [0, 1, 0, 1, 0, 1, 0, 1, 0, 1, 0], [0, 1, 0, 1, 0, 1, 1, 4, 0, 1, 0], [0, 1, 0, 1, 0, 1, 1, 1, 0, 1, 0], [0, 1, 0, 1, 0, 1, 0, 1, 0, 1, 0], [0, 1, 0, 1, 0, 0, 0, 1, 0, 1, 0], [0, 1, 1, 1, 2, 1, 1, 1, 1, 1, 0], [0, 0, 0, 1, 0, 1, 0, 1, 0, 0, 0], [0, 1, 1, 1, 0, 1, 0, 1, 1, 1, 0], [0, 1, 0, 1, 1, 1, 2, 2, 0, 1, 0], [0, 1, 0, 0, 0, 2, 0, 0, 0, 1, 0], [0, 1, 1, 1, 1, 1, 1, 1, 1, 1, 0], [0, 0, 0, 0, 0, 0, 0, 0, 0, 0, 0]]"
2026-05-25T15:55:03.675728,0,East,1602.0,False,False,False,"[[0, 0, 0, 0, 0, 0, 0, 0, 0, 0, 0], [0, 1, 1, 1, 1, 1, 1, 1, 4, 1, 0], [0, 1, 0, 0, 0, 1, 0, 0, 0, 1, 0], [0, 1, 0, 1, 1, 1, 1, 1, 0, 1, 0], [0, 1, 1, 1, 0, 1, 0, 1, 1, 1, 0], [0, 0, 0, 1, 0, 1, 0, 1, 0, 0, 0], [0, 1, 1, 5, 1, 1, 1, 1, 1, 1, 0], [0, 1, 0, 1, 0, 0, 0, 1, 0, 1, 0], [0, 1, 0, 1, 0, 1, 0, 4, 0, 1, 0], [0, 1, 0, 1, 0, 1, 1, 1, 0, 1, 0], [0, 1, 0, 1, 0, 1, 1, 1, 0, 1, 0], [0, 1, 0, 1, 0, 1, 0, 1, 0, 1, 0], [0, 1, 0, 1, 0, 0, 0, 1, 0, 1, 0], [0, 1, 1, 1, 2, 1, 1, 1, 1, 1, 0], [0, 0, 0, 1, 0, 1, 0, 1, 0, 0, 0], [0, 1, 1, 1, 0, 1, 0, 1, 1, 1, 0], [0, 1, 0, 1, 1, 1, 2, 2, 0, 1, 0], [0, 1, 0, 0, 0, 2, 0, 0, 0, 1, 0], [0, 1, 1, 1, 1, 1, 1, 1, 1, 1, 0], [0, 0, 0, 0, 0, 0, 0, 0, 0, 0, 0]]"
2026-05-25T15:55:03.718922,0,East,1601.0,False,False,False,"[[0, 0, 0, 0, 0, 0, 0, 0, 0, 0, 0], [0, 1, 1, 1, 1, 1, 1, 4, 1, 1, 0], [0, 1, 0, 0, 0, 1, 0, 0, 0, 1, 0], [0, 1, 0, 1, 1, 1, 1, 1, 0, 1, 0], [0, 1, 1, 1, 0, 1, 0, 1, 1, 1, 0], [0, 0, 0, 1, 0, 1, 0, 1, 0, 0, 0], [0, 1, 1, 1, 1, 1, 1, 1, 1, 1, 0], [0, 1, 0, 5, 0, 0, 0, 4, 0, 1, 0], [0, 1, 0, 1, 0, 1, 0, 1, 0, 1, 0], [0, 1, 0, 1, 0, 1, 1, 1, 0, 1, 0], [0, 1, 0, 1, 0, 1, 1, 1, 0, 1, 0], [0, 1, 0, 1, 0, 1, 0, 1, 0, 1, 0], [0, 1, 0, 1, 0, 0, 0, 1, 0, 1, 0], [0, 1, 1, 1, 2, 1, 1, 1, 1, 1, 0], [0, 0, 0, 1, 0, 1, 0, 1, 0, 0, 0], [0, 1, 1, 1, 0, 1, 0, 1, 1, 1, 0], [0, 1, 0, 1, 1, 1, 2, 2, 0, 1, 0], [0, 1, 0, 0, 0, 2, 0, 0, 0, 1, 0], [0, 1, 1, 1, 1, 1, 1, 1, 1, 1, 0], [0, 0, 0, 0, 0, 0, 0, 0, 0, 0, 0]]"
2026-05-25T15:55:03.773710,0,East,1600.0,False,False,False,"[[0, 0, 0, 0, 0, 0, 0, 0, 0, 0, 0], [0, 1, 1, 1, 1, 1, 4, 1, 1, 1, 0], [0, 1, 0, 0, 0, 1, 0, 0, 0, 1, 0], [0, 1, 0, 1, 1, 1, 1, 1, 0, 1, 0], [0, 1, 1, 1, 0, 1, 0, 1, 1, 1, 0], [0, 0, 0, 1, 0, 1, 0, 1, 0, 0, 0], [0, 1, 1, 1, 1, 1, 1, 4, 1, 1, 0], [0, 1, 0, 1, 0, 0, 0, 1, 0, 1, 0], [0, 1, 0, 5, 0, 1, 0, 1, 0, 1, 0], [0, 1, 0, 1, 0, 1, 1, 1, 0, 1, 0], [0, 1, 0, 1, 0, 1, 1, 1, 0, 1, 0], [0, 1, 0, 1, 0, 1, 0, 1, 0, 1, 0], [0, 1, 0, 1, 0, 0, 0, 1, 0, 1, 0], [0, 1, 1, 1, 2, 1, 1, 1, 1, 1, 0], [0, 0, 0, 1, 0, 1, 0, 1, 0, 0, 0], [0, 1, 1, 1, 0, 1, 0, 1, 1, 1, 0], [0, 1, 0, 1, 1, 1, 2, 2, 0, 1, 0], [0, 1, 0, 0, 0, 2, 0, 0, 0, 1, 0], [0, 1, 1, 1, 1, 1, 1, 1, 1, 1, 0], [0, 0, 0, 0, 0, 0, 0, 0, 0, 0, 0]]"
2026-05-25T15:55:03.814062,0,East,1599.0,False,False,False,"[[0, 0, 0, 0, 0, 0, 0, 0, 0, 0, 0], [0, 1, 1, 1, 1, 4, 1, 1, 1, 1, 0], [0, 1, 0, 0, 0, 1, 0, 0, 0, 1, 0], [0, 1, 0, 1, 1, 1, 1, 1, 0, 1, 0], [0, 1, 1, 1, 0, 1, 0, 1, 1, 1, 0], [0, 0, 0, 1, 0, 1, 0, 1, 0, 0, 0], [0, 1, 1, 1, 1, 1, 4, 1, 1, 1, 0], [0, 1, 0, 1, 0, 0, 0, 1, 0, 1, 0], [0, 1, 0, 1, 0, 1, 0, 1, 0, 1, 0], [0, 1, 0, 5, 0, 1, 1, 1, 0, 1, 0], [0, 1, 0, 1, 0, 1, 1, 1, 0, 1, 0], [0, 1, 0, 1, 0, 1, 0, 1, 0, 1, 0], [0, 1, 0, 1, 0, 0, 0, 1, 0, 1, 0], [0, 1, 1, 1, 2, 1, 1, 1, 1, 1, 0], [0, 0, 0, 1, 0, 1, 0, 1, 0, 0, 0], [0, 1, 1, 1, 0, 1, 0, 1, 1, 1, 0], [0, 1, 0, 1, 1, 1, 2, 2, 0, 1, 0], [0, 1, 0, 0, 0, 2, 0, 0, 0, 1, 0], [0, 1, 1, 1, 1, 1, 1, 1, 1, 1, 0], [0, 0, 0, 0, 0, 0, 0, 0, 0, 0, 0]]"
2026-05-25T15:55:03.870377,0,East,1598.0,False,False,False,"[[0, 0, 0, 0, 0, 0, 0, 0, 0, 0, 0], [0, 1, 1, 1, 1, 1, 1, 1, 1, 1, 0], [0, 1, 0, 0, 0, 4, 0, 0, 0, 1, 0], [0, 1, 0, 1, 1, 1, 1, 1, 0, 1, 0], [0, 1, 1, 1, 0, 1, 0, 1, 1, 1, 0], [0, 0, 0, 1, 0, 1, 0, 1, 0, 0, 0], [0, 1, 1, 1, 1, 4, 1, 1, 1, 1, 0], [0, 1, 0, 1, 0, 0, 0, 1, 0, 1, 0], [0, 1, 0, 1, 0, 1, 0, 1, 0, 1, 0], [0, 1, 0, 1, 0, 1, 1, 1, 0, 1, 0], [0, 1, 0, 5, 0, 1, 1, 1, 0, 1, 0], [0, 1, 0, 1, 0, 1, 0, 1, 0, 1, 0], [0, 1, 0, 1, 0, 0, 0, 1, 0, 1, 0], [0, 1, 1, 1, 2, 1, 1, 1, 1, 1, 0], [0, 0, 0, 1, 0, 1, 0, 1, 0, 0, 0], [0, 1, 1, 1, 0, 1, 0, 1, 1, 1, 0], [0, 1, 0, 1, 1, 1, 2, 2, 0, 1, 0], [0, 1, 0, 0, 0, 2, 0, 0, 0, 1, 0], [0, 1, 1, 1, 1, 1, 1, 1, 1, 1, 0], [0, 0, 0, 0, 0, 0, 0, 0, 0, 0, 0]]"
2026-05-25T15:55:03.920595,0,East,1597.0,False,False,False,"[[0, 0, 0, 0, 0, 0, 0, 0, 0, 0, 0], [0, 1, 1, 1, 1, 1, 1, 1, 1, 1, 0], [0, 1, 0, 0, 0, 1, 0, 0, 0, 1, 0], [0, 1, 0, 1, 1, 4, 1, 1, 0, 1, 0], [0, 1, 1, 1, 0, 1, 0, 1, 1, 1, 0], [0, 0, 0, 1, 0, 1, 0, 1, 0, 0, 0], [0, 1, 1, 1, 4, 1, 1, 1, 1, 1, 0], [0, 1, 0, 1, 0, 0, 0, 1, 0, 1, 0], [0, 1, 0, 1, 0, 1, 0, 1, 0, 1, 0], [0, 1, 0, 1, 0, 1, 1, 1, 0, 1, 0], [0, 1, 0, 1, 0, 1, 1, 1, 0, 1, 0], [0, 1, 0, 5, 0, 1, 0, 1, 0, 1, 0], [0, 1, 0, 1, 0, 0, 0, 1, 0, 1, 0], [0, 1, 1, 1, 2, 1, 1, 1, 1, 1, 0], [0, 0, 0, 1, 0, 1, 0, 1, 0, 0, 0], [0, 1, 1, 1, 0, 1, 0, 1, 1, 1, 0], [0, 1, 0, 1, 1, 1, 2, 2, 0, 1, 0], [0, 1, 0, 0, 0, 2, 0, 0, 0, 1, 0], [0, 1, 1, 1, 1, 1, 1, 1, 1, 1, 0], [0, 0, 0, 0, 0, 0, 0, 0, 0, 0, 0]]"
2026-05-25T15:55:03.963112,0,East,1596.0,False,False,False,"[[0, 0, 0, 0, 0, 0, 0, 0, 0, 0, 0], [0, 1, 1, 1, 1, 1, 1, 1, 1, 1, 0], [0, 1, 0, 0, 0, 1, 0, 0, 0, 1, 0], [0, 1, 0, 1, 1, 1, 1, 1, 0, 1, 0], [0, 1, 1, 1, 0, 4, 0, 1, 1, 1, 0], [0, 0, 0, 1, 0, 1, 0, 1, 0, 0, 0], [0, 1, 1, 4, 1, 1, 1, 1, 1, 1, 0], [0, 1, 0, 1, 0, 0, 0, 1, 0, 1, 0], [0, 1, 0, 1, 0, 1, 0, 1, 0, 1, 0], [0, 1, 0, 1, 0, 1, 1, 1, 0, 1, 0], [0, 1, 0, 1, 0, 1, 1, 1, 0, 1, 0], [0, 1, 0, 1, 0, 1, 0, 1, 0, 1, 0], [0, 1, 0, 5, 0, 0, 0, 1, 0, 1, 0], [0, 1, 1, 1, 2, 1, 1, 1, 1, 1, 0], [0, 0, 0, 1, 0, 1, 0, 1, 0, 0, 0], [0, 1, 1, 1, 0, 1, 0, 1, 1, 1, 0], [0, 1, 0, 1, 1, 1, 2, 2, 0, 1, 0], [0, 1, 0, 0, 0, 2, 0, 0, 0, 1, 0], [0, 1, 1, 1, 1, 1, 1, 1, 1, 1, 0], [0, 0, 0, 0, 0, 0, 0, 0, 0, 0, 0]]"
2026-05-25T15:55:03.985104,0,North,1595.0,False,False,False,"[[0, 0, 0, 0, 0, 0, 0, 0, 0, 0, 0], [0, 1, 1, 1, 1, 1, 1, 1, 1, 1, 0], [0, 1, 0, 0, 0, 1, 0, 0, 0, 1, 0], [0, 1, 0, 1, 1, 1, 1, 1, 0, 1, 0], [0, 1, 1, 1, 0, 1, 0, 1, 1, 1, 0], [0, 0, 0, 1, 0, 4, 0, 1, 0, 0, 0], [0, 1, 1, 1, 1, 1, 1, 1, 1, 1, 0], [0, 1, 0, 4, 0, 0, 0, 1, 0, 1, 0], [0, 1, 0, 1, 0, 1, 0, 1, 0, 1, 0], [0, 1, 0, 1, 0, 1, 1, 1, 0, 1, 0], [0, 1, 0, 1, 0, 1, 1, 1, 0, 1, 0], [0, 1, 0, 1, 0, 1, 0, 1, 0, 1, 0], [0, 1, 0, 1, 0, 0, 0, 1, 0, 1, 0], [0, 1, 1, 5, 2, 1, 1, 1, 1, 1, 0], [0, 0, 0, 1, 0, 1, 0, 1, 0, 0, 0], [0, 1, 1, 1, 0, 1, 0, 1, 1, 1, 0], [0, 1, 0, 1, 1, 1, 2, 2, 0, 1, 0], [0, 1, 0, 0, 0, 2, 0, 0, 0, 1, 0], [0, 1, 1, 1, 1, 1, 1, 1, 1, 1, 0], [0, 0, 0, 0, 0, 0, 0, 0, 0, 0, 0]]"
2026-05-25T15:55:04.006129,0,North,1604.0,False,False,False,"[[0, 0, 0, 0, 0, 0, 0, 0, 0, 0, 0], [0, 1, 1, 1, 1, 1, 1, 1, 1, 1, 0], [0, 1, 0, 0, 0, 1, 0, 0, 0, 1, 0], [0, 1, 0, 1, 1, 1, 1, 1, 0, 1, 0], [0, 1, 1, 1, 0, 1, 0, 1, 1, 1, 0], [0, 0, 0, 1, 0, 1, 0, 1, 0, 0, 0], [0, 1, 1, 1, 1, 4, 1, 1, 1, 1, 0], [0, 1, 0, 1, 0, 0, 0, 1, 0, 1, 0], [0, 1, 0, 4, 0, 1, 0, 1, 0, 1, 0], [0, 1, 0, 1, 0, 1, 1, 1, 0, 1, 0], [0, 1, 0, 1, 0, 1, 1, 1, 0, 1, 0], [0, 1, 0, 1, 0, 1, 0, 1, 0, 1, 0], [0, 1, 0, 1, 0, 0, 0, 1, 0, 1, 0], [0, 1, 1, 1, 5, 1, 1, 1, 1, 1, 0], [0, 0, 0, 1, 0, 1, 0, 1, 0, 0, 0], [0, 1, 1, 1, 0, 1, 0, 1, 1, 1, 0], [0, 1, 0, 1, 1, 1, 2, 2, 0, 1, 0], [0, 1, 0, 0, 0, 2, 0, 0, 0, 1, 0], [0, 1, 1, 1, 1, 1, 1, 1, 1, 1, 0], [0, 0, 0, 0, 0, 0, 0, 0, 0, 0, 0]]"
2026-05-25T15:55:04.025657,0,East,1603.0,False,False,False,"[[0, 0, 0, 0, 0, 0, 0, 0, 0, 0, 0], [0, 1, 1, 1, 1, 1, 1, 1, 1, 1, 0], [0, 1, 0, 0, 0, 1, 0, 0, 0, 1, 0], [0, 1, 0, 1, 1, 1, 1, 1, 0, 1, 0], [0, 1, 1, 1, 0, 1, 0, 1, 1, 1, 0], [0, 0, 0, 1, 0, 1, 0, 1, 0, 0, 0], [0, 1, 1, 1, 1, 1, 4, 1, 1, 1, 0], [0, 1, 0, 1, 0, 0, 0, 1, 0, 1, 0], [0, 1, 0, 1, 0, 1, 0, 1, 0, 1, 0], [0, 1, 0, 4, 0, 1, 1, 1, 0, 1, 0], [0, 1, 0, 1, 0, 1, 1, 1, 0, 1, 0], [0, 1, 0, 1, 0, 1, 0, 1, 0, 1, 0], [0, 1, 0, 1, 0, 0, 0, 1, 0, 1, 0], [0, 1, 1, 1, 1, 5, 1, 1, 1, 1, 0], [0, 0, 0, 1, 0, 1, 0, 1, 0, 0, 0], [0, 1, 1, 1, 0, 1, 0, 1, 1, 1, 0], [0, 1, 0, 1, 1, 1, 2, 2, 0, 1, 0], [0, 1, 0, 0, 0, 2, 0, 0, 0, 1, 0], [0, 1, 1, 1, 1, 1, 1, 1, 1, 1, 0], [0, 0, 0, 0, 0, 0, 0, 0, 0, 0, 0]]"
2026-05-25T15:55:04.052528,0,East,1602.0,False,False,False,"[[0, 0, 0, 0, 0, 0, 0, 0, 0, 0, 0], [0, 1, 1, 1, 1, 1, 1, 1, 1, 1, 0], [0, 1, 0, 0, 0, 1, 0, 0, 0, 1, 0], [0, 1, 0, 1, 1, 1, 1, 1, 0, 1, 0], [0, 1, 1, 1, 0, 1, 0, 1, 1, 1, 0], [0, 0, 0, 1, 0, 1, 0, 1, 0, 0, 0], [0, 1, 1, 1, 1, 1, 1, 4, 1, 1, 0], [0, 1, 0, 1, 0, 0, 0, 1, 0, 1, 0], [0, 1, 0, 1, 0, 1, 0, 1, 0, 1, 0], [0, 1, 0, 1, 0, 1, 1, 1, 0, 1, 0], [0, 1, 0, 4, 0, 1, 1, 1, 0, 1, 0], [0, 1, 0, 1, 0, 1, 0, 1, 0, 1, 0], [0, 1, 0, 1, 0, 0, 0, 1, 0, 1, 0], [0, 1, 1, 1, 1, 1, 1, 1, 1, 1, 0], [0, 0, 0, 1, 0, 5, 0, 1, 0, 0, 0], [0, 1, 1, 1, 0, 1, 0, 1, 1, 1, 0], [0, 1, 0, 1, 1, 1, 2, 2, 0, 1, 0], [0, 1, 0, 0, 0, 2, 0, 0, 0, 1, 0], [0, 1, 1, 1, 1, 1, 1, 1, 1, 1, 0], [0, 0, 0, 0, 0, 0, 0, 0, 0, 0, 0]]"
2026-05-25T15:55:04.073843,0,East,1601.0,False,False,False,"[[0, 0, 0, 0, 0, 0, 0, 0, 0, 0, 0], [0, 1, 1, 1, 1, 1, 1, 1, 1, 1, 0], [0, 1, 0, 0, 0, 1, 0, 0, 0, 1, 0], [0, 1, 0, 1, 1, 1, 1, 1, 0, 1, 0], [0, 1, 1, 1, 0, 1, 0, 1, 1, 1, 0], [0, 0, 0, 1, 0, 1, 0, 1, 0, 0, 0], [0, 1, 1, 1, 1, 1, 1, 1, 1, 1, 0], [0, 1, 0, 1, 0, 0, 0, 4, 0, 1, 0], [0, 1, 0, 1, 0, 1, 0, 1, 0, 1, 0], [0, 1, 0, 1, 0, 1, 1, 1, 0, 1, 0], [0, 1, 0, 1, 0, 1, 1, 1, 0, 1, 0], [0, 1, 0, 4, 0, 1, 0, 1, 0, 1, 0], [0, 1, 0, 1, 0, 0, 0, 1, 0, 1, 0], [0, 1, 1, 1, 1, 1, 1, 1, 1, 1, 0], [0, 0, 0, 1, 0, 1, 0, 1, 0, 0, 0], [0, 1, 1, 1, 0, 5, 0, 1, 1, 1, 0], [0, 1, 0, 1, 1, 1, 2, 2, 0, 1, 0], [0, 1, 0, 0, 0, 2, 0, 0, 0, 1, 0], [0, 1, 1, 1, 1, 1, 1, 1, 1, 1, 0], [0, 0, 0, 0, 0, 0, 0, 0, 0, 0, 0]]"
2026-05-25T15:55:04.125738,0,East,1600.0,False,False,False,"[[0, 0, 0, 0, 0, 0, 0, 0, 0, 0, 0], [0, 1, 1, 1, 1, 1, 1, 1, 1, 1, 0], [0, 1, 0, 0, 0, 1, 0, 0, 0, 1, 0], [0, 1, 0, 1, 1, 1, 1, 1, 0, 1, 0], [0, 1, 1, 1, 0, 1, 0, 1, 1, 1, 0], [0, 0, 0, 1, 0, 1, 0, 1, 0, 0, 0], [0, 1, 1, 1, 1, 1, 1, 1, 1, 1, 0], [0, 1, 0, 1, 0, 0, 0, 1, 0, 1, 0], [0, 1, 0, 1, 0, 1, 0, 4, 0, 1, 0], [0, 1, 0, 1, 0, 1, 1, 1, 0, 1, 0], [0, 1, 0, 1, 0, 1, 1, 1, 0, 1, 0], [0, 1, 0, 1, 0, 1, 0, 1, 0, 1, 0], [0, 1, 0, 4, 0, 0, 0, 1, 0, 1, 0], [0, 1, 1, 1, 1, 1, 1, 1, 1, 1, 0], [0, 0, 0, 1, 0, 1, 0, 1, 0, 0, 0], [0, 1, 1, 1, 0, 1, 0, 1, 1, 1, 0], [0, 1, 0, 1, 1, 5, 2, 2, 0, 1, 0], [0, 1, 0, 0, 0, 2, 0, 0, 0, 1, 0], [0, 1, 1, 1, 1, 1, 1, 1, 1, 1, 0], [0, 0, 0, 0, 0, 0, 0, 0, 0, 0, 0]]"
2026-05-25T15:55:04.189761,0,West,1609.0,False,False,False,"[[0, 0, 0, 0, 0, 0, 0, 0, 0, 0, 0], [0, 1, 1, 1, 1, 1, 1, 1, 1, 1, 0], [0, 1, 0, 0, 0, 1, 0, 0, 0, 1, 0], [0, 1, 0, 1, 1, 1, 1, 1, 0, 1, 0], [0, 1, 1, 1, 0, 1, 0, 1, 1, 1, 0], [0, 0, 0, 1, 0, 1, 0, 1, 0, 0, 0], [0, 1, 1, 1, 1, 1, 1, 1, 1, 1, 0], [0, 1, 0, 1, 0, 0, 0, 1, 0, 1, 0], [0, 1, 0, 1, 0, 1, 0, 1, 0, 1, 0], [0, 1, 0, 1, 0, 1, 1, 4, 0, 1, 0], [0, 1, 0, 1, 0, 1, 1, 1, 0, 1, 0], [0, 1, 0, 1, 0, 1, 0, 1, 0, 1, 0], [0, 1, 0, 1, 0, 0, 0, 1, 0, 1, 0], [0, 1, 1, 4, 1, 1, 1, 1, 1, 1, 0], [0, 0, 0, 1, 0, 1, 0, 1, 0, 0, 0], [0, 1, 1, 1, 0, 1, 0, 1, 1, 1, 0], [0, 1, 0, 1, 1, 1, 2, 2, 0, 1, 0], [0, 1, 0, 0, 0, 5, 0, 0, 0, 1, 0], [0, 1, 1, 1, 1, 1, 1, 1, 1, 1, 0], [0, 0, 0, 0, 0, 0, 0, 0, 0, 0, 0]]"
2026-05-25T15:55:04.226577,0,North,1608.0,False,False,False,"[[0, 0, 0, 0, 0, 0, 0, 0, 0, 0, 0], [0, 1, 1, 1, 1, 1, 1, 1, 1, 1, 0], [0, 1, 0, 0, 0, 1, 0, 0, 0, 1, 0], [0, 1, 0, 1, 1, 1, 1, 1, 0, 1, 0], [0, 1, 1, 1, 0, 1, 0, 1, 1, 1, 0], [0, 0, 0, 1, 0, 1, 0, 1, 0, 0, 0], [0, 1, 1, 1, 1, 1, 1, 1, 1, 1, 0], [0, 1, 0, 1, 0, 0, 0, 1, 0, 1, 0], [0, 1, 0, 1, 0, 1, 0, 1, 0, 1, 0], [0, 1, 0, 1, 0, 1, 4, 1, 0, 1, 0], [0, 1, 0, 1, 0, 1, 1, 1, 0, 1, 0], [0, 1, 0, 1, 0, 1, 0, 1, 0, 1, 0], [0, 1, 0, 1, 0, 0, 0, 1, 0, 1, 0], [0, 1, 1, 1, 1, 1, 1, 1, 1, 1, 0], [0, 0, 0, 4, 0, 1, 0, 1, 0, 0, 0], [0, 1, 1, 1, 0, 1, 0, 1, 1, 1, 0], [0, 1, 0, 1, 1, 5, 2, 2, 0, 1, 0], [0, 1, 0, 0, 0, 1, 0, 0, 0, 1, 0], [0, 1, 1, 1, 1, 1, 1, 1, 1, 1, 0], [0, 0, 0, 0, 0, 0, 0, 0, 0, 0, 0]]"
2026-05-25T15:55:04.237970,0,North,1617.0,False,False,False,"[[0, 0, 0, 0, 0, 0, 0, 0, 0, 0, 0], [0, 1, 1, 1, 1, 1, 1, 1, 1, 1, 0], [0, 1, 0, 0, 0, 1, 0, 0, 0, 1, 0], [0, 1, 0, 1, 1, 1, 1, 1, 0, 1, 0], [0, 1, 1, 1, 0, 1, 0, 1, 1, 1, 0], [0, 0, 0, 1, 0, 1, 0, 1, 0, 0, 0], [0, 1, 1, 1, 1, 1, 1, 1, 1, 1, 0], [0, 1, 0, 1, 0, 0, 0, 1, 0, 1, 0], [0, 1, 0, 1, 0, 1, 0, 1, 0, 1, 0], [0, 1, 0, 1, 0, 1, 1, 1, 0, 1, 0], [0, 1, 0, 1, 0, 1, 4, 1, 0, 1, 0], [0, 1, 0, 1, 0, 1, 0, 1, 0, 1, 0], [0, 1, 0, 1, 0, 0, 0, 1, 0, 1, 0], [0, 1, 1, 1, 1, 1, 1, 1, 1, 1, 0], [0, 0, 0, 1, 0, 1, 0, 1, 0, 0, 0], [0, 1, 1, 4, 0, 1, 0, 1, 1, 1, 0], [0, 1, 0, 1, 1, 1, 5, 2, 0, 1, 0], [0, 1, 0, 0, 0, 1, 0, 0, 0, 1, 0], [0, 1, 1, 1, 1, 1, 1, 1, 1, 1, 0], [0, 0, 0, 0, 0, 0, 0, 0, 0, 0, 0]]"
