timestamp,agent_index,action,score,is_win,is_lose,game_over,map_matrix
2026-05-23T18:23:39.710383,0,West,0.0,False,False,False,"[[0, 0, 0, 0, 0, 0, 0, 0, 0, 0, 0], [0, 2, 2, 2, 2, 2, 2, 2, 2, 3, 0], [0, 2, 0, 0, 0, 2, 0, 0, 0, 2, 0], [0, 2, 0, 2, 2, 2, 2, 2, 0, 2, 0], [0, 2, 2, 2, 0, 2, 0, 2, 2, 2, 0], [0, 0, 0, 2, 0, 2, 0, 2, 0, 0, 0], [0, 2, 2, 2, 2, 2, 2, 2, 2, 2, 0], [0, 2, 0, 2, 0, 0, 0, 2, 0, 2, 0], [0, 2, 0, 2, 0, 4, 0, 2, 0, 2, 0], [0, 5, 0, 2, 0, 1, 1, 2, 0, 2, 0], [0, 2, 0, 2, 0, 1, 1, 2, 0, 2, 0], [0, 2, 0, 2, 0, 4, 0, 2, 0, 2, 0], [0, 2, 0, 2, 0, 0, 0, 2, 0, 2, 0], [0, 2, 2, 2, 2, 2, 2, 2, 2, 2, 0], [0, 0, 0, 2, 0, 2, 0, 2, 0, 0, 0], [0, 2, 2, 2, 0, 2, 0, 2, 2, 2, 0], [0, 2, 0, 2, 2, 2, 2, 2, 0, 2, 0], [0, 2, 0, 0, 0, 2, 0, 0, 0, 2, 0], [0, 3, 2, 2, 2, 2, 2, 2, 2, 2, 0], [0, 0, 0, 0, 0, 0, 0, 0, 0, 0, 0]]"
2026-05-23T18:23:39.841760,0,West,9.0,False,False,False,"[[0, 0, 0, 0, 0, 0, 0, 0, 0, 0, 0], [0, 2, 2, 2, 2, 2, 2, 2, 2, 3, 0], [0, 2, 0, 0, 0, 2, 0, 0, 0, 2, 0], [0, 2, 0, 2, 2, 2, 2, 2, 0, 2, 0], [0, 2, 2, 2, 0, 2, 0, 2, 2, 2, 0], [0, 0, 0, 2, 0, 2, 0, 2, 0, 0, 0], [0, 2, 2, 2, 2, 2, 2, 2, 2, 2, 0], [0, 2, 0, 2, 0, 0, 0, 2, 0, 2, 0], [0, 5, 0, 2, 0, 1, 0, 2, 0, 2, 0], [0, 1, 0, 2, 0, 4, 1, 2, 0, 2, 0], [0, 2, 0, 2, 0, 4, 1, 2, 0, 2, 0], [0, 2, 0, 2, 0, 1, 0, 2, 0, 2, 0], [0, 2, 0, 2, 0, 0, 0, 2, 0, 2, 0], [0, 2, 2, 2, 2, 2, 2, 2, 2, 2, 0], [0, 0, 0, 2, 0, 2, 0, 2, 0, 0, 0], [0, 2, 2, 2, 0, 2, 0, 2, 2, 2, 0], [0, 2, 0, 2, 2, 2, 2, 2, 0, 2, 0], [0, 2, 0, 0, 0, 2, 0, 0, 0, 2, 0], [0, 3, 2, 2, 2, 2, 2, 2, 2, 2, 0], [0, 0, 0, 0, 0, 0, 0, 0, 0, 0, 0]]"
2026-05-23T18:23:39.969335,0,West,18.0,False,False,False,"[[0, 0, 0, 0, 0, 0, 0, 0, 0, 0, 0], [0, 2, 2, 2, 2, 2, 2, 2, 2, 3, 0], [0, 2, 0, 0, 0, 2, 0, 0, 0, 2, 0], [0, 2, 0, 2, 2, 2, 2, 2, 0, 2, 0], [0, 2, 2, 2, 0, 2, 0, 2, 2, 2, 0], [0, 0, 0, 2, 0, 2, 0, 2, 0, 0, 0], [0, 2, 2, 2, 2, 2, 2, 2, 2, 2, 0], [0, 5, 0, 2, 0, 0, 0, 2, 0, 2, 0], [0, 1, 0, 2, 0, 1, 0, 2, 0, 2, 0], [0, 1, 0, 2, 0, 4, 1, 2, 0, 2, 0], [0, 2, 0, 2, 0, 4, 1, 2, 0, 2, 0], [0, 2, 0, 2, 0, 1, 0, 2, 0, 2, 0], [0, 2, 0, 2, 0, 0, 0, 2, 0, 2, 0], [0, 2, 2, 2, 2, 2, 2, 2, 2, 2, 0], [0, 0, 0, 2, 0, 2, 0, 2, 0, 0, 0], [0, 2, 2, 2, 0, 2, 0, 2, 2, 2, 0], [0, 2, 0, 2, 2, 2, 2, 2, 0, 2, 0], [0, 2, 0, 0, 0, 2, 0, 0, 0, 2, 0], [0, 3, 2, 2, 2, 2, 2, 2, 2, 2, 0], [0, 0, 0, 0, 0, 0, 0, 0, 0, 0, 0]]"
2026-05-23T18:23:40.090743,0,North,27.0,False,False,False,"[[0, 0, 0, 0, 0, 0, 0, 0, 0, 0, 0], [0, 2, 2, 2, 2, 2, 2, 2, 2, 3, 0], [0, 2, 0, 0, 0, 2, 0, 0, 0, 2, 0], [0, 2, 0, 2, 2, 2, 2, 2, 0, 2, 0], [0, 2, 2, 2, 0, 2, 0, 2, 2, 2, 0], [0, 0, 0, 2, 0, 2, 0, 2, 0, 0, 0], [0, 5, 2, 2, 2, 2, 2, 2, 2, 2, 0], [0, 1, 0, 2, 0, 0, 0, 2, 0, 2, 0], [0, 1, 0, 2, 0, 4, 0, 2, 0, 2, 0], [0, 1, 0, 2, 0, 1, 1, 2, 0, 2, 0], [0, 2, 0, 2, 0, 1, 1, 2, 0, 2, 0], [0, 2, 0, 2, 0, 4, 0, 2, 0, 2, 0], [0, 2, 0, 2, 0, 0, 0, 2, 0, 2, 0], [0, 2, 2, 2, 2, 2, 2, 2, 2, 2, 0], [0, 0, 0, 2, 0, 2, 0, 2, 0, 0, 0], [0, 2, 2, 2, 0, 2, 0, 2, 2, 2, 0], [0, 2, 0, 2, 2, 2, 2, 2, 0, 2, 0], [0, 2, 0, 0, 0, 2, 0, 0, 0, 2, 0], [0, 3, 2, 2, 2, 2, 2, 2, 2, 2, 0], [0, 0, 0, 0, 0, 0, 0, 0, 0, 0, 0]]"
2026-05-23T18:23:40.224371,0,North,36.0,False,False,False,"[[0, 0, 0, 0, 0, 0, 0, 0, 0, 0, 0], [0, 2, 2, 2, 2, 2, 2, 2, 2, 3, 0], [0, 2, 0, 0, 0, 2, 0, 0, 0, 2, 0], [0, 2, 0, 2, 2, 2, 2, 2, 0, 2, 0], [0, 2, 2, 2, 0, 2, 0, 2, 2, 2, 0], [0, 0, 0, 2, 0, 2, 0, 2, 0, 0, 0], [0, 1, 5, 2, 2, 2, 2, 2, 2, 2, 0], [0, 1, 0, 2, 0, 0, 0, 2, 0, 2, 0], [0, 1, 0, 2, 0, 1, 0, 2, 0, 2, 0], [0, 1, 0, 2, 0, 4, 1, 2, 0, 2, 0], [0, 2, 0, 2, 0, 4, 1, 2, 0, 2, 0], [0, 2, 0, 2, 0, 1, 0, 2, 0, 2, 0], [0, 2, 0, 2, 0, 0, 0, 2, 0, 2, 0], [0, 2, 2, 2, 2, 2, 2, 2, 2, 2, 0], [0, 0, 0, 2, 0, 2, 0, 2, 0, 0, 0], [0, 2, 2, 2, 0, 2, 0, 2, 2, 2, 0], [0, 2, 0, 2, 2, 2, 2, 2, 0, 2, 0], [0, 2, 0, 0, 0, 2, 0, 0, 0, 2, 0], [0, 3, 2, 2, 2, 2, 2, 2, 2, 2, 0], [0, 0, 0, 0, 0, 0, 0, 0, 0, 0, 0]]"
2026-05-23T18:23:40.351840,0,West,45.0,False,False,False,"[[0, 0, 0, 0, 0, 0, 0, 0, 0, 0, 0], [0, 2, 2, 2, 2, 2, 2, 2, 2, 3, 0], [0, 2, 0, 0, 0, 2, 0, 0, 0, 2, 0], [0, 2, 0, 2, 2, 2, 2, 2, 0, 2, 0], [0, 2, 2, 2, 0, 2, 0, 2, 2, 2, 0], [0, 0, 0, 2, 0, 2, 0, 2, 0, 0, 0], [0, 1, 1, 5, 2, 2, 2, 2, 2, 2, 0], [0, 1, 0, 2, 0, 0, 0, 2, 0, 2, 0], [0, 1, 0, 2, 0, 1, 0, 2, 0, 2, 0], [0, 1, 0, 2, 0, 4, 1, 2, 0, 2, 0], [0, 2, 0, 2, 0, 4, 1, 2, 0, 2, 0], [0, 2, 0, 2, 0, 1, 0, 2, 0, 2, 0], [0, 2, 0, 2, 0, 0, 0, 2, 0, 2, 0], [0, 2, 2, 2, 2, 2, 2, 2, 2, 2, 0], [0, 0, 0, 2, 0, 2, 0, 2, 0, 0, 0], [0, 2, 2, 2, 0, 2, 0, 2, 2, 2, 0], [0, 2, 0, 2, 2, 2, 2, 2, 0, 2, 0], [0, 2, 0, 0, 0, 2, 0, 0, 0, 2, 0], [0, 3, 2, 2, 2, 2, 2, 2, 2, 2, 0], [0, 0, 0, 0, 0, 0, 0, 0, 0, 0, 0]]"
2026-05-23T18:23:40.481758,0,West,54.0,False,False,False,"[[0, 0, 0, 0, 0, 0, 0, 0, 0, 0, 0], [0, 2, 2, 2, 2, 2, 2, 2, 2, 3, 0], [0, 2, 0, 0, 0, 2, 0, 0, 0, 2, 0], [0, 2, 0, 2, 2, 2, 2, 2, 0, 2, 0], [0, 2, 2, 2, 0, 2, 0, 2, 2, 2, 0], [0, 0, 0, 5, 0, 2, 0, 2, 0, 0, 0], [0, 1, 1, 1, 2, 2, 2, 2, 2, 2, 0], [0, 1, 0, 2, 0, 0, 0, 2, 0, 2, 0], [0, 1, 0, 2, 0, 4, 0, 2, 0, 2, 0], [0, 1, 0, 2, 0, 1, 1, 2, 0, 2, 0], [0, 2, 0, 2, 0, 1, 1, 2, 0, 2, 0], [0, 2, 0, 2, 0, 4, 0, 2, 0, 2, 0], [0, 2, 0, 2, 0, 0, 0, 2, 0, 2, 0], [0, 2, 2, 2, 2, 2, 2, 2, 2, 2, 0], [0, 0, 0, 2, 0, 2, 0, 2, 0, 0, 0], [0, 2, 2, 2, 0, 2, 0, 2, 2, 2, 0], [0, 2, 0, 2, 2, 2, 2, 2, 0, 2, 0], [0, 2, 0, 0, 0, 2, 0, 0, 0, 2, 0], [0, 3, 2, 2, 2, 2, 2, 2, 2, 2, 0], [0, 0, 0, 0, 0, 0, 0, 0, 0, 0, 0]]"
2026-05-23T18:23:40.614658,0,West,63.0,False,False,False,"[[0, 0, 0, 0, 0, 0, 0, 0, 0, 0, 0], [0, 2, 2, 2, 2, 2, 2, 2, 2, 3, 0], [0, 2, 0, 0, 0, 2, 0, 0, 0, 2, 0], [0, 2, 0, 2, 2, 2, 2, 2, 0, 2, 0], [0, 2, 2, 5, 0, 2, 0, 2, 2, 2, 0], [0, 0, 0, 1, 0, 2, 0, 2, 0, 0, 0], [0, 1, 1, 1, 2, 2, 2, 2, 2, 2, 0], [0, 1, 0, 2, 0, 0, 0, 2, 0, 2, 0], [0, 1, 0, 2, 0, 1, 0, 2, 0, 2, 0], [0, 1, 0, 2, 0, 4, 1, 2, 0, 2, 0], [0, 2, 0, 2, 0, 4, 1, 2, 0, 2, 0], [0, 2, 0, 2, 0, 1, 0, 2, 0, 2, 0], [0, 2, 0, 2, 0, 0, 0, 2, 0, 2, 0], [0, 2, 2, 2, 2, 2, 2, 2, 2, 2, 0], [0, 0, 0, 2, 0, 2, 0, 2, 0, 0, 0], [0, 2, 2, 2, 0, 2, 0, 2, 2, 2, 0], [0, 2, 0, 2, 2, 2, 2, 2, 0, 2, 0], [0, 2, 0, 0, 0, 2, 0, 0, 0, 2, 0], [0, 3, 2, 2, 2, 2, 2, 2, 2, 2, 0], [0, 0, 0, 0, 0, 0, 0, 0, 0, 0, 0]]"
2026-05-23T18:23:40.744730,0,North,72.0,False,False,False,"[[0, 0, 0, 0, 0, 0, 0, 0, 0, 0, 0], [0, 2, 2, 2, 2, 2, 2, 2, 2, 3, 0], [0, 2, 0, 0, 0, 2, 0, 0, 0, 2, 0], [0, 2, 0, 5, 2, 2, 2, 2, 0, 2, 0], [0, 2, 2, 1, 0, 2, 0, 2, 2, 2, 0], [0, 0, 0, 1, 0, 2, 0, 2, 0, 0, 0], [0, 1, 1, 1, 2, 2, 2, 2, 2, 2, 0], [0, 1, 0, 2, 0, 0, 0, 2, 0, 2, 0], [0, 1, 0, 2, 0, 1, 0, 2, 0, 2, 0], [0, 1, 0, 2, 0, 4, 4, 2, 0, 2, 0], [0, 2, 0, 2, 0, 1, 1, 2, 0, 2, 0], [0, 2, 0, 2, 0, 1, 0, 2, 0, 2, 0], [0, 2, 0, 2, 0, 0, 0, 2, 0, 2, 0], [0, 2, 2, 2, 2, 2, 2, 2, 2, 2, 0], [0, 0, 0, 2, 0, 2, 0, 2, 0, 0, 0], [0, 2, 2, 2, 0, 2, 0, 2, 2, 2, 0], [0, 2, 0, 2, 2, 2, 2, 2, 0, 2, 0], [0, 2, 0, 0, 0, 2, 0, 0, 0, 2, 0], [0, 3, 2, 2, 2, 2, 2, 2, 2, 2, 0], [0, 0, 0, 0, 0, 0, 0, 0, 0, 0, 0]]"
2026-05-23T18:23:40.867937,0,North,81.0,False,False,False,"[[0, 0, 0, 0, 0, 0, 0, 0, 0, 0, 0], [0, 2, 2, 2, 2, 2, 2, 2, 2, 3, 0], [0, 2, 0, 0, 0, 2, 0, 0, 0, 2, 0], [0, 2, 0, 1, 5, 2, 2, 2, 0, 2, 0], [0, 2, 2, 1, 0, 2, 0, 2, 2, 2, 0], [0, 0, 0, 1, 0, 2, 0, 2, 0, 0, 0], [0, 1, 1, 1, 2, 2, 2, 2, 2, 2, 0], [0, 1, 0, 2, 0, 0, 0, 2, 0, 2, 0], [0, 1, 0, 2, 0, 4, 0, 2, 0, 2, 0], [0, 1, 0, 2, 0, 1, 1, 4, 0, 2, 0], [0, 2, 0, 2, 0, 1, 1, 2, 0, 2, 0], [0, 2, 0, 2, 0, 1, 0, 2, 0, 2, 0], [0, 2, 0, 2, 0, 0, 0, 2, 0, 2, 0], [0, 2, 2, 2, 2, 2, 2, 2, 2, 2, 0], [0, 0, 0, 2, 0, 2, 0, 2, 0, 0, 0], [0, 2, 2, 2, 0, 2, 0, 2, 2, 2, 0], [0, 2, 0, 2, 2, 2, 2, 2, 0, 2, 0], [0, 2, 0, 0, 0, 2, 0, 0, 0, 2, 0], [0, 3, 2, 2, 2, 2, 2, 2, 2, 2, 0], [0, 0, 0, 0, 0, 0, 0, 0, 0, 0, 0]]"
2026-05-23T18:23:40.994797,0,West,90.0,False,False,False,"[[0, 0, 0, 0, 0, 0, 0, 0, 0, 0, 0], [0, 2, 2, 2, 2, 2, 2, 2, 2, 3, 0], [0, 2, 0, 0, 0, 2, 0, 0, 0, 2, 0], [0, 2, 0, 1, 1, 5, 2, 2, 0, 2, 0], [0, 2, 2, 1, 0, 2, 0, 2, 2, 2, 0], [0, 0, 0, 1, 0, 2, 0, 2, 0, 0, 0], [0, 1, 1, 1, 2, 2, 2, 2, 2, 2, 0], [0, 1, 0, 2, 0, 0, 0, 2, 0, 2, 0], [0, 1, 0, 2, 0, 1, 0, 2, 0, 2, 0], [0, 1, 0, 2, 0, 4, 1, 2, 0, 2, 0], [0, 2, 0, 2, 0, 1, 1, 4, 0, 2, 0], [0, 2, 0, 2, 0, 1, 0, 2, 0, 2, 0], [0, 2, 0, 2, 0, 0, 0, 2, 0, 2, 0], [0, 2, 2, 2, 2, 2, 2, 2, 2, 2, 0], [0, 0, 0, 2, 0, 2, 0, 2, 0, 0, 0], [0, 2, 2, 2, 0, 2, 0, 2, 2, 2, 0], [0, 2, 0, 2, 2, 2, 2, 2, 0, 2, 0], [0, 2, 0, 0, 0, 2, 0, 0, 0, 2, 0], [0, 3, 2, 2, 2, 2, 2, 2, 2, 2, 0], [0, 0, 0, 0, 0, 0, 0, 0, 0, 0, 0]]"
2026-05-23T18:23:41.122104,0,West,99.0,False,False,False,"[[0, 0, 0, 0, 0, 0, 0, 0, 0, 0, 0], [0, 2, 2, 2, 2, 2, 2, 2, 2, 3, 0], [0, 2, 0, 0, 0, 5, 0, 0, 0, 2, 0], [0, 2, 0, 1, 1, 1, 2, 2, 0, 2, 0], [0, 2, 2, 1, 0, 2, 0, 2, 2, 2, 0], [0, 0, 0, 1, 0, 2, 0, 2, 0, 0, 0], [0, 1, 1, 1, 2, 2, 2, 2, 2, 2, 0], [0, 1, 0, 2, 0, 0, 0, 2, 0, 2, 0], [0, 1, 0, 2, 0, 1, 0, 2, 0, 2, 0], [0, 1, 0, 2, 0, 1, 4, 2, 0, 2, 0], [0, 2, 0, 2, 0, 1, 4, 2, 0, 2, 0], [0, 2, 0, 2, 0, 1, 0, 2, 0, 2, 0], [0, 2, 0, 2, 0, 0, 0, 2, 0, 2, 0], [0, 2, 2, 2, 2, 2, 2, 2, 2, 2, 0], [0, 0, 0, 2, 0, 2, 0, 2, 0, 0, 0], [0, 2, 2, 2, 0, 2, 0, 2, 2, 2, 0], [0, 2, 0, 2, 2, 2, 2, 2, 0, 2, 0], [0, 2, 0, 0, 0, 2, 0, 0, 0, 2, 0], [0, 3, 2, 2, 2, 2, 2, 2, 2, 2, 0], [0, 0, 0, 0, 0, 0, 0, 0, 0, 0, 0]]"
2026-05-23T18:23:41.255766,0,North,108.0,False,False,False,"[[0, 0, 0, 0, 0, 0, 0, 0, 0, 0, 0], [0, 2, 2, 2, 2, 5, 2, 2, 2, 3, 0], [0, 2, 0, 0, 0, 1, 0, 0, 0, 2, 0], [0, 2, 0, 1, 1, 1, 2, 2, 0, 2, 0], [0, 2, 2, 1, 0, 2, 0, 2, 2, 2, 0], [0, 0, 0, 1, 0, 2, 0, 2, 0, 0, 0], [0, 1, 1, 1, 2, 2, 2, 2, 2, 2, 0], [0, 1, 0, 2, 0, 0, 0, 2, 0, 2, 0], [0, 1, 0, 2, 0, 1, 0, 2, 0, 2, 0], [0, 1, 0, 2, 0, 1, 4, 4, 0, 2, 0], [0, 2, 0, 2, 0, 1, 1, 2, 0, 2, 0], [0, 2, 0, 2, 0, 1, 0, 2, 0, 2, 0], [0, 2, 0, 2, 0, 0, 0, 2, 0, 2, 0], [0, 2, 2, 2, 2, 2, 2, 2, 2, 2, 0], [0, 0, 0, 2, 0, 2, 0, 2, 0, 0, 0], [0, 2, 2, 2, 0, 2, 0, 2, 2, 2, 0], [0, 2, 0, 2, 2, 2, 2, 2, 0, 2, 0], [0, 2, 0, 0, 0, 2, 0, 0, 0, 2, 0], [0, 3, 2, 2, 2, 2, 2, 2, 2, 2, 0], [0, 0, 0, 0, 0, 0, 0, 0, 0, 0, 0]]"
2026-05-23T18:23:41.380727,0,North,117.0,False,False,False,"[[0, 0, 0, 0, 0, 0, 0, 0, 0, 0, 0], [0, 2, 2, 2, 2, 1, 5, 2, 2, 3, 0], [0, 2, 0, 0, 0, 1, 0, 0, 0, 2, 0], [0, 2, 0, 1, 1, 1, 2, 2, 0, 2, 0], [0, 2, 2, 1, 0, 2, 0, 2, 2, 2, 0], [0, 0, 0, 1, 0, 2, 0, 2, 0, 0, 0], [0, 1, 1, 1, 2, 2, 2, 2, 2, 2, 0], [0, 1, 0, 2, 0, 0, 0, 2, 0, 2, 0], [0, 1, 0, 2, 0, 1, 0, 4, 0, 2, 0], [0, 1, 0, 2, 0, 1, 1, 4, 0, 2, 0], [0, 2, 0, 2, 0, 1, 1, 2, 0, 2, 0], [0, 2, 0, 2, 0, 1, 0, 2, 0, 2, 0], [0, 2, 0, 2, 0, 0, 0, 2, 0, 2, 0], [0, 2, 2, 2, 2, 2, 2, 2, 2, 2, 0], [0, 0, 0, 2, 0, 2, 0, 2, 0, 0, 0], [0, 2, 2, 2, 0, 2, 0, 2, 2, 2, 0], [0, 2, 0, 2, 2, 2, 2, 2, 0, 2, 0], [0, 2, 0, 0, 0, 2, 0, 0, 0, 2, 0], [0, 3, 2, 2, 2, 2, 2, 2, 2, 2, 0], [0, 0, 0, 0, 0, 0, 0, 0, 0, 0, 0]]"
2026-05-23T18:23:41.508052,0,Stop,126.0,False,False,False,"[[0, 0, 0, 0, 0, 0, 0, 0, 0, 0, 0], [0, 2, 2, 2, 2, 1, 1, 5, 2, 3, 0], [0, 2, 0, 0, 0, 1, 0, 0, 0, 2, 0], [0, 2, 0, 1, 1, 1, 2, 2, 0, 2, 0], [0, 2, 2, 1, 0, 2, 0, 2, 2, 2, 0], [0, 0, 0, 1, 0, 2, 0, 2, 0, 0, 0], [0, 1, 1, 1, 2, 2, 2, 2, 2, 2, 0], [0, 1, 0, 2, 0, 0, 0, 4, 0, 2, 0], [0, 1, 0, 2, 0, 1, 0, 4, 0, 2, 0], [0, 1, 0, 2, 0, 1, 1, 2, 0, 2, 0], [0, 2, 0, 2, 0, 1, 1, 2, 0, 2, 0], [0, 2, 0, 2, 0, 1, 0, 2, 0, 2, 0], [0, 2, 0, 2, 0, 0, 0, 2, 0, 2, 0], [0, 2, 2, 2, 2, 2, 2, 2, 2, 2, 0], [0, 0, 0, 2, 0, 2, 0, 2, 0, 0, 0], [0, 2, 2, 2, 0, 2, 0, 2, 2, 2, 0], [0, 2, 0, 2, 2, 2, 2, 2, 0, 2, 0], [0, 2, 0, 0, 0, 2, 0, 0, 0, 2, 0], [0, 3, 2, 2, 2, 2, 2, 2, 2, 2, 0], [0, 0, 0, 0, 0, 0, 0, 0, 0, 0, 0]]"
2026-05-23T18:23:41.633545,0,Stop,125.0,False,False,False,"[[0, 0, 0, 0, 0, 0, 0, 0, 0, 0, 0], [0, 2, 2, 2, 2, 1, 1, 5, 2, 3, 0], [0, 2, 0, 0, 0, 1, 0, 0, 0, 2, 0], [0, 2, 0, 1, 1, 1, 2, 2, 0, 2, 0], [0, 2, 2, 1, 0, 2, 0, 2, 2, 2, 0], [0, 0, 0, 1, 0, 2, 0, 2, 0, 0, 0], [0, 1, 1, 1, 2, 2, 2, 4, 2, 2, 0], [0, 1, 0, 2, 0, 0, 0, 4, 0, 2, 0], [0, 1, 0, 2, 0, 1, 0, 2, 0, 2, 0], [0, 1, 0, 2, 0, 1, 1, 2, 0, 2, 0], [0, 2, 0, 2, 0, 1, 1, 2, 0, 2, 0], [0, 2, 0, 2, 0, 1, 0, 2, 0, 2, 0], [0, 2, 0, 2, 0, 0, 0, 2, 0, 2, 0], [0, 2, 2, 2, 2, 2, 2, 2, 2, 2, 0], [0, 0, 0, 2, 0, 2, 0, 2, 0, 0, 0], [0, 2, 2, 2, 0, 2, 0, 2, 2, 2, 0], [0, 2, 0, 2, 2, 2, 2, 2, 0, 2, 0], [0, 2, 0, 0, 0, 2, 0, 0, 0, 2, 0], [0, 3, 2, 2, 2, 2, 2, 2, 2, 2, 0], [0, 0, 0, 0, 0, 0, 0, 0, 0, 0, 0]]"
2026-05-23T18:23:41.755412,0,Stop,124.0,False,False,False,"[[0, 0, 0, 0, 0, 0, 0, 0, 0, 0, 0], [0, 2, 2, 2, 2, 1, 1, 5, 2, 3, 0], [0, 2, 0, 0, 0, 1, 0, 0, 0, 2, 0], [0, 2, 0, 1, 1, 1, 2, 2, 0, 2, 0], [0, 2, 2, 1, 0, 2, 0, 2, 2, 2, 0], [0, 0, 0, 1, 0, 2, 0, 4, 0, 0, 0], [0, 1, 1, 1, 2, 2, 2, 4, 2, 2, 0], [0, 1, 0, 2, 0, 0, 0, 2, 0, 2, 0], [0, 1, 0, 2, 0, 1, 0, 2, 0, 2, 0], [0, 1, 0, 2, 0, 1, 1, 2, 0, 2, 0], [0, 2, 0, 2, 0, 1, 1, 2, 0, 2, 0], [0, 2, 0, 2, 0, 1, 0, 2, 0, 2, 0], [0, 2, 0, 2, 0, 0, 0, 2, 0, 2, 0], [0, 2, 2, 2, 2, 2, 2, 2, 2, 2, 0], [0, 0, 0, 2, 0, 2, 0, 2, 0, 0, 0], [0, 2, 2, 2, 0, 2, 0, 2, 2, 2, 0], [0, 2, 0, 2, 2, 2, 2, 2, 0, 2, 0], [0, 2, 0, 0, 0, 2, 0, 0, 0, 2, 0], [0, 3, 2, 2, 2, 2, 2, 2, 2, 2, 0], [0, 0, 0, 0, 0, 0, 0, 0, 0, 0, 0]]"
2026-05-23T18:23:41.877755,0,Stop,123.0,False,False,False,"[[0, 0, 0, 0, 0, 0, 0, 0, 0, 0, 0], [0, 2, 2, 2, 2, 1, 1, 5, 2, 3, 0], [0, 2, 0, 0, 0, 1, 0, 0, 0, 2, 0], [0, 2, 0, 1, 1, 1, 2, 2, 0, 2, 0], [0, 2, 2, 1, 0, 2, 0, 4, 2, 2, 0], [0, 0, 0, 1, 0, 2, 0, 4, 0, 0, 0], [0, 1, 1, 1, 2, 2, 2, 2, 2, 2, 0], [0, 1, 0, 2, 0, 0, 0, 2, 0, 2, 0], [0, 1, 0, 2, 0, 1, 0, 2, 0, 2, 0], [0, 1, 0, 2, 0, 1, 1, 2, 0, 2, 0], [0, 2, 0, 2, 0, 1, 1, 2, 0, 2, 0], [0, 2, 0, 2, 0, 1, 0, 2, 0, 2, 0], [0, 2, 0, 2, 0, 0, 0, 2, 0, 2, 0], [0, 2, 2, 2, 2, 2, 2, 2, 2, 2, 0], [0, 0, 0, 2, 0, 2, 0, 2, 0, 0, 0], [0, 2, 2, 2, 0, 2, 0, 2, 2, 2, 0], [0, 2, 0, 2, 2, 2, 2, 2, 0, 2, 0], [0, 2, 0, 0, 0, 2, 0, 0, 0, 2, 0], [0, 3, 2, 2, 2, 2, 2, 2, 2, 2, 0], [0, 0, 0, 0, 0, 0, 0, 0, 0, 0, 0]]"
2026-05-23T18:23:41.997437,0,Stop,122.0,False,False,False,"[[0, 0, 0, 0, 0, 0, 0, 0, 0, 0, 0], [0, 2, 2, 2, 2, 1, 1, 5, 2, 3, 0], [0, 2, 0, 0, 0, 1, 0, 0, 0, 2, 0], [0, 2, 0, 1, 1, 1, 2, 4, 0, 2, 0], [0, 2, 2, 1, 0, 2, 0, 4, 2, 2, 0], [0, 0, 0, 1, 0, 2, 0, 2, 0, 0, 0], [0, 1, 1, 1, 2, 2, 2, 2, 2, 2, 0], [0, 1, 0, 2, 0, 0, 0, 2, 0, 2, 0], [0, 1, 0, 2, 0, 1, 0, 2, 0, 2, 0], [0, 1, 0, 2, 0, 1, 1, 2, 0, 2, 0], [0, 2, 0, 2, 0, 1, 1, 2, 0, 2, 0], [0, 2, 0, 2, 0, 1, 0, 2, 0, 2, 0], [0, 2, 0, 2, 0, 0, 0, 2, 0, 2, 0], [0, 2, 2, 2, 2, 2, 2, 2, 2, 2, 0], [0, 0, 0, 2, 0, 2, 0, 2, 0, 0, 0], [0, 2, 2, 2, 0, 2, 0, 2, 2, 2, 0], [0, 2, 0, 2, 2, 2, 2, 2, 0, 2, 0], [0, 2, 0, 0, 0, 2, 0, 0, 0, 2, 0], [0, 3, 2, 2, 2, 2, 2, 2, 2, 2, 0], [0, 0, 0, 0, 0, 0, 0, 0, 0, 0, 0]]"
2026-05-23T18:23:42.116686,0,Stop,121.0,False,False,False,"[[0, 0, 0, 0, 0, 0, 0, 0, 0, 0, 0], [0, 2, 2, 2, 2, 1, 1, 5, 2, 3, 0], [0, 2, 0, 0, 0, 1, 0, 0, 0, 2, 0], [0, 2, 0, 1, 1, 1, 4, 4, 0, 2, 0], [0, 2, 2, 1, 0, 2, 0, 2, 2, 2, 0], [0, 0, 0, 1, 0, 2, 0, 2, 0, 0, 0], [0, 1, 1, 1, 2, 2, 2, 2, 2, 2, 0], [0, 1, 0, 2, 0, 0, 0, 2, 0, 2, 0], [0, 1, 0, 2, 0, 1, 0, 2, 0, 2, 0], [0, 1, 0, 2, 0, 1, 1, 2, 0, 2, 0], [0, 2, 0, 2, 0, 1, 1, 2, 0, 2, 0], [0, 2, 0, 2, 0, 1, 0, 2, 0, 2, 0], [0, 2, 0, 2, 0, 0, 0, 2, 0, 2, 0], [0, 2, 2, 2, 2, 2, 2, 2, 2, 2, 0], [0, 0, 0, 2, 0, 2, 0, 2, 0, 0, 0], [0, 2, 2, 2, 0, 2, 0, 2, 2, 2, 0], [0, 2, 0, 2, 2, 2, 2, 2, 0, 2, 0], [0, 2, 0, 0, 0, 2, 0, 0, 0, 2, 0], [0, 3, 2, 2, 2, 2, 2, 2, 2, 2, 0], [0, 0, 0, 0, 0, 0, 0, 0, 0, 0, 0]]"
2026-05-23T18:23:42.238857,0,Stop,120.0,False,False,False,"[[0, 0, 0, 0, 0, 0, 0, 0, 0, 0, 0], [0, 2, 2, 2, 2, 1, 1, 5, 2, 3, 0], [0, 2, 0, 0, 0, 1, 0, 0, 0, 2, 0], [0, 2, 0, 1, 1, 4, 4, 2, 0, 2, 0], [0, 2, 2, 1, 0, 2, 0, 2, 2, 2, 0], [0, 0, 0, 1, 0, 2, 0, 2, 0, 0, 0], [0, 1, 1, 1, 2, 2, 2, 2, 2, 2, 0], [0, 1, 0, 2, 0, 0, 0, 2, 0, 2, 0], [0, 1, 0, 2, 0, 1, 0, 2, 0, 2, 0], [0, 1, 0, 2, 0, 1, 1, 2, 0, 2, 0], [0, 2, 0, 2, 0, 1, 1, 2, 0, 2, 0], [0, 2, 0, 2, 0, 1, 0, 2, 0, 2, 0], [0, 2, 0, 2, 0, 0, 0, 2, 0, 2, 0], [0, 2, 2, 2, 2, 2, 2, 2, 2, 2, 0], [0, 0, 0, 2, 0, 2, 0, 2, 0, 0, 0], [0, 2, 2, 2, 0, 2, 0, 2, 2, 2, 0], [0, 2, 0, 2, 2, 2, 2, 2, 0, 2, 0], [0, 2, 0, 0, 0, 2, 0, 0, 0, 2, 0], [0, 3, 2, 2, 2, 2, 2, 2, 2, 2, 0], [0, 0, 0, 0, 0, 0, 0, 0, 0, 0, 0]]"
2026-05-23T18:23:42.360348,0,Stop,119.0,False,False,False,"[[0, 0, 0, 0, 0, 0, 0, 0, 0, 0, 0], [0, 2, 2, 2, 2, 1, 1, 5, 2, 3, 0], [0, 2, 0, 0, 0, 4, 0, 0, 0, 2, 0], [0, 2, 0, 1, 1, 4, 2, 2, 0, 2, 0], [0, 2, 2, 1, 0, 2, 0, 2, 2, 2, 0], [0, 0, 0, 1, 0, 2, 0, 2, 0, 0, 0], [0, 1, 1, 1, 2, 2, 2, 2, 2, 2, 0], [0, 1, 0, 2, 0, 0, 0, 2, 0, 2, 0], [0, 1, 0, 2, 0, 1, 0, 2, 0, 2, 0], [0, 1, 0, 2, 0, 1, 1, 2, 0, 2, 0], [0, 2, 0, 2, 0, 1, 1, 2, 0, 2, 0], [0, 2, 0, 2, 0, 1, 0, 2, 0, 2, 0], [0, 2, 0, 2, 0, 0, 0, 2, 0, 2, 0], [0, 2, 2, 2, 2, 2, 2, 2, 2, 2, 0], [0, 0, 0, 2, 0, 2, 0, 2, 0, 0, 0], [0, 2, 2, 2, 0, 2, 0, 2, 2, 2, 0], [0, 2, 0, 2, 2, 2, 2, 2, 0, 2, 0], [0, 2, 0, 0, 0, 2, 0, 0, 0, 2, 0], [0, 3, 2, 2, 2, 2, 2, 2, 2, 2, 0], [0, 0, 0, 0, 0, 0, 0, 0, 0, 0, 0]]"
2026-05-23T18:23:42.478042,0,Stop,118.0,False,False,False,"[[0, 0, 0, 0, 0, 0, 0, 0, 0, 0, 0], [0, 2, 2, 2, 2, 4, 1, 5, 2, 3, 0], [0, 2, 0, 0, 0, 4, 0, 0, 0, 2, 0], [0, 2, 0, 1, 1, 1, 2, 2, 0, 2, 0], [0, 2, 2, 1, 0, 2, 0, 2, 2, 2, 0], [0, 0, 0, 1, 0, 2, 0, 2, 0, 0, 0], [0, 1, 1, 1, 2, 2, 2, 2, 2, 2, 0], [0, 1, 0, 2, 0, 0, 0, 2, 0, 2, 0], [0, 1, 0, 2, 0, 1, 0, 2, 0, 2, 0], [0, 1, 0, 2, 0, 1, 1, 2, 0, 2, 0], [0, 2, 0, 2, 0, 1, 1, 2, 0, 2, 0], [0, 2, 0, 2, 0, 1, 0, 2, 0, 2, 0], [0, 2, 0, 2, 0, 0, 0, 2, 0, 2, 0], [0, 2, 2, 2, 2, 2, 2, 2, 2, 2, 0], [0, 0, 0, 2, 0, 2, 0, 2, 0, 0, 0], [0, 2, 2, 2, 0, 2, 0, 2, 2, 2, 0], [0, 2, 0, 2, 2, 2, 2, 2, 0, 2, 0], [0, 2, 0, 0, 0, 2, 0, 0, 0, 2, 0], [0, 3, 2, 2, 2, 2, 2, 2, 2, 2, 0], [0, 0, 0, 0, 0, 0, 0, 0, 0, 0, 0]]"
2026-05-23T18:23:42.595012,0,Stop,117.0,False,False,False,"[[0, 0, 0, 0, 0, 0, 0, 0, 0, 0, 0], [0, 2, 2, 2, 4, 4, 1, 5, 2, 3, 0], [0, 2, 0, 0, 0, 1, 0, 0, 0, 2, 0], [0, 2, 0, 1, 1, 1, 2, 2, 0, 2, 0], [0, 2, 2, 1, 0, 2, 0, 2, 2, 2, 0], [0, 0, 0, 1, 0, 2, 0, 2, 0, 0, 0], [0, 1, 1, 1, 2, 2, 2, 2, 2, 2, 0], [0, 1, 0, 2, 0, 0, 0, 2, 0, 2, 0], [0, 1, 0, 2, 0, 1, 0, 2, 0, 2, 0], [0, 1, 0, 2, 0, 1, 1, 2, 0, 2, 0], [0, 2, 0, 2, 0, 1, 1, 2, 0, 2, 0], [0, 2, 0, 2, 0, 1, 0, 2, 0, 2, 0], [0, 2, 0, 2, 0, 0, 0, 2, 0, 2, 0], [0, 2, 2, 2, 2, 2, 2, 2, 2, 2, 0], [0, 0, 0, 2, 0, 2, 0, 2, 0, 0, 0], [0, 2, 2, 2, 0, 2, 0, 2, 2, 2, 0], [0, 2, 0, 2, 2, 2, 2, 2, 0, 2, 0], [0, 2, 0, 0, 0, 2, 0, 0, 0, 2, 0], [0, 3, 2, 2, 2, 2, 2, 2, 2, 2, 0], [0, 0, 0, 0, 0, 0, 0, 0, 0, 0, 0]]"
2026-05-23T18:23:42.710669,0,North,116.0,False,False,False,"[[0, 0, 0, 0, 0, 0, 0, 0, 0, 0, 0], [0, 2, 2, 4, 2, 1, 4, 5, 2, 3, 0], [0, 2, 0, 0, 0, 1, 0, 0, 0, 2, 0], [0, 2, 0, 1, 1, 1, 2, 2, 0, 2, 0], [0, 2, 2, 1, 0, 2, 0, 2, 2, 2, 0], [0, 0, 0, 1, 0, 2, 0, 2, 0, 0, 0], [0, 1, 1, 1, 2, 2, 2, 2, 2, 2, 0], [0, 1, 0, 2, 0, 0, 0, 2, 0, 2, 0], [0, 1, 0, 2, 0, 1, 0, 2, 0, 2, 0], [0, 1, 0, 2, 0, 1, 1, 2, 0, 2, 0], [0, 2, 0, 2, 0, 1, 1, 2, 0, 2, 0], [0, 2, 0, 2, 0, 1, 0, 2, 0, 2, 0], [0, 2, 0, 2, 0, 0, 0, 2, 0, 2, 0], [0, 2, 2, 2, 2, 2, 2, 2, 2, 2, 0], [0, 0, 0, 2, 0, 2, 0, 2, 0, 0, 0], [0, 2, 2, 2, 0, 2, 0, 2, 2, 2, 0], [0, 2, 0, 2, 2, 2, 2, 2, 0, 2, 0], [0, 2, 0, 0, 0, 2, 0, 0, 0, 2, 0], [0, 3, 2, 2, 2, 2, 2, 2, 2, 2, 0], [0, 0, 0, 0, 0, 0, 0, 0, 0, 0, 0]]"
2026-05-23T18:23:42.825911,0,North,125.0,False,False,False,"[[0, 0, 0, 0, 0, 0, 0, 0, 0, 0, 0], [0, 2, 4, 2, 2, 1, 1, 4, 5, 3, 0], [0, 2, 0, 0, 0, 1, 0, 0, 0, 2, 0], [0, 2, 0, 1, 1, 1, 2, 2, 0, 2, 0], [0, 2, 2, 1, 0, 2, 0, 2, 2, 2, 0], [0, 0, 0, 1, 0, 2, 0, 2, 0, 0, 0], [0, 1, 1, 1, 2, 2, 2, 2, 2, 2, 0], [0, 1, 0, 2, 0, 0, 0, 2, 0, 2, 0], [0, 1, 0, 2, 0, 1, 0, 2, 0, 2, 0], [0, 1, 0, 2, 0, 1, 1, 2, 0, 2, 0], [0, 2, 0, 2, 0, 1, 1, 2, 0, 2, 0], [0, 2, 0, 2, 0, 1, 0, 2, 0, 2, 0], [0, 2, 0, 2, 0, 0, 0, 2, 0, 2, 0], [0, 2, 2, 2, 2, 2, 2, 2, 2, 2, 0], [0, 0, 0, 2, 0, 2, 0, 2, 0, 0, 0], [0, 2, 2, 2, 0, 2, 0, 2, 2, 2, 0], [0, 2, 0, 2, 2, 2, 2, 2, 0, 2, 0], [0, 2, 0, 0, 0, 2, 0, 0, 0, 2, 0], [0, 3, 2, 2, 2, 2, 2, 2, 2, 2, 0], [0, 0, 0, 0, 0, 0, 0, 0, 0, 0, 0]]"
2026-05-23T18:23:42.944485,0,East,124.0,False,False,False,"[[0, 0, 0, 0, 0, 0, 0, 0, 0, 0, 0], [0, 4, 2, 2, 2, 1, 1, 4, 1, 5, 0], [0, 2, 0, 0, 0, 1, 0, 0, 0, 2, 0], [0, 2, 0, 1, 1, 1, 2, 2, 0, 2, 0], [0, 2, 2, 1, 0, 2, 0, 2, 2, 2, 0], [0, 0, 0, 1, 0, 2, 0, 2, 0, 0, 0], [0, 1, 1, 1, 2, 2, 2, 2, 2, 2, 0], [0, 1, 0, 2, 0, 0, 0, 2, 0, 2, 0], [0, 1, 0, 2, 0, 1, 0, 2, 0, 2, 0], [0, 1, 0, 2, 0, 1, 1, 2, 0, 2, 0], [0, 2, 0, 2, 0, 1, 1, 2, 0, 2, 0], [0, 2, 0, 2, 0, 1, 0, 2, 0, 2, 0], [0, 2, 0, 2, 0, 0, 0, 2, 0, 2, 0], [0, 2, 2, 2, 2, 2, 2, 2, 2, 2, 0], [0, 0, 0, 2, 0, 2, 0, 2, 0, 0, 0], [0, 2, 2, 2, 0, 2, 0, 2, 2, 2, 0], [0, 2, 0, 2, 2, 2, 2, 2, 0, 2, 0], [0, 2, 0, 0, 0, 2, 0, 0, 0, 2, 0], [0, 3, 2, 2, 2, 2, 2, 2, 2, 2, 0], [0, 0, 0, 0, 0, 0, 0, 0, 0, 0, 0]]"
2026-05-23T18:23:43.065737,0,West,133.0,False,False,False,"[[0, 0, 0, 0, 0, 0, 0, 0, 0, 0, 0], [0, 4, 2, 2, 2, 1, 1, 1, 4, 1, 0], [0, 2, 0, 0, 0, 1, 0, 0, 0, 5, 0], [0, 2, 0, 1, 1, 1, 2, 2, 0, 2, 0], [0, 2, 2, 1, 0, 2, 0, 2, 2, 2, 0], [0, 0, 0, 1, 0, 2, 0, 2, 0, 0, 0], [0, 1, 1, 1, 2, 2, 2, 2, 2, 2, 0], [0, 1, 0, 2, 0, 0, 0, 2, 0, 2, 0], [0, 1, 0, 2, 0, 1, 0, 2, 0, 2, 0], [0, 1, 0, 2, 0, 1, 1, 2, 0, 2, 0], [0, 2, 0, 2, 0, 1, 1, 2, 0, 2, 0], [0, 2, 0, 2, 0, 1, 0, 2, 0, 2, 0], [0, 2, 0, 2, 0, 0, 0, 2, 0, 2, 0], [0, 2, 2, 2, 2, 2, 2, 2, 2, 2, 0], [0, 0, 0, 2, 0, 2, 0, 2, 0, 0, 0], [0, 2, 2, 2, 0, 2, 0, 2, 2, 2, 0], [0, 2, 0, 2, 2, 2, 2, 2, 0, 2, 0], [0, 2, 0, 0, 0, 2, 0, 0, 0, 2, 0], [0, 3, 2, 2, 2, 2, 2, 2, 2, 2, 0], [0, 0, 0, 0, 0, 0, 0, 0, 0, 0, 0]]"
2026-05-23T18:23:43.184538,0,East,332.0,False,False,False,"[[0, 0, 0, 0, 0, 0, 0, 0, 0, 0, 0], [0, 4, 2, 2, 2, 1, 1, 1, 1, 5, 0], [0, 2, 0, 0, 0, 1, 0, 0, 0, 1, 0], [0, 2, 0, 1, 1, 1, 2, 2, 0, 2, 0], [0, 2, 2, 1, 0, 2, 0, 2, 2, 2, 0], [0, 0, 0, 1, 0, 2, 0, 2, 0, 0, 0], [0, 1, 1, 1, 2, 2, 2, 2, 2, 2, 0], [0, 1, 0, 2, 0, 0, 0, 2, 0, 2, 0], [0, 1, 0, 2, 0, 4, 0, 2, 0, 2, 0], [0, 1, 0, 2, 0, 1, 1, 2, 0, 2, 0], [0, 2, 0, 2, 0, 1, 1, 2, 0, 2, 0], [0, 2, 0, 2, 0, 1, 0, 2, 0, 2, 0], [0, 2, 0, 2, 0, 0, 0, 2, 0, 2, 0], [0, 2, 2, 2, 2, 2, 2, 2, 2, 2, 0], [0, 0, 0, 2, 0, 2, 0, 2, 0, 0, 0], [0, 2, 2, 2, 0, 2, 0, 2, 2, 2, 0], [0, 2, 0, 2, 2, 2, 2, 2, 0, 2, 0], [0, 2, 0, 0, 0, 2, 0, 0, 0, 2, 0], [0, 3, 2, 2, 2, 2, 2, 2, 2, 2, 0], [0, 0, 0, 0, 0, 0, 0, 0, 0, 0, 0]]"
2026-05-23T18:23:43.307390,0,East,331.0,False,False,False,"[[0, 0, 0, 0, 0, 0, 0, 0, 0, 0, 0], [0, 2, 2, 2, 2, 1, 1, 1, 1, 1, 0], [0, 4, 0, 0, 0, 1, 0, 0, 0, 5, 0], [0, 2, 0, 1, 1, 1, 2, 2, 0, 2, 0], [0, 2, 2, 1, 0, 2, 0, 2, 2, 2, 0], [0, 0, 0, 1, 0, 2, 0, 2, 0, 0, 0], [0, 1, 1, 1, 2, 2, 2, 2, 2, 2, 0], [0, 1, 0, 2, 0, 0, 0, 2, 0, 2, 0], [0, 1, 0, 2, 0, 1, 0, 2, 0, 2, 0], [0, 1, 0, 2, 0, 4, 1, 2, 0, 2, 0], [0, 2, 0, 2, 0, 1, 1, 2, 0, 2, 0], [0, 2, 0, 2, 0, 1, 0, 2, 0, 2, 0], [0, 2, 0, 2, 0, 0, 0, 2, 0, 2, 0], [0, 2, 2, 2, 2, 2, 2, 2, 2, 2, 0], [0, 0, 0, 2, 0, 2, 0, 2, 0, 0, 0], [0, 2, 2, 2, 0, 2, 0, 2, 2, 2, 0], [0, 2, 0, 2, 2, 2, 2, 2, 0, 2, 0], [0, 2, 0, 0, 0, 2, 0, 0, 0, 2, 0], [0, 3, 2, 2, 2, 2, 2, 2, 2, 2, 0], [0, 0, 0, 0, 0, 0, 0, 0, 0, 0, 0]]"
2026-05-23T18:23:43.433102,0,East,340.0,False,False,False,"[[0, 0, 0, 0, 0, 0, 0, 0, 0, 0, 0], [0, 2, 2, 2, 2, 1, 1, 1, 1, 1, 0], [0, 4, 0, 0, 0, 1, 0, 0, 0, 1, 0], [0, 2, 0, 1, 1, 1, 2, 2, 0, 5, 0], [0, 2, 2, 1, 0, 2, 0, 2, 2, 2, 0], [0, 0, 0, 1, 0, 2, 0, 2, 0, 0, 0], [0, 1, 1, 1, 2, 2, 2, 2, 2, 2, 0], [0, 1, 0, 2, 0, 0, 0, 2, 0, 2, 0], [0, 1, 0, 2, 0, 1, 0, 2, 0, 2, 0], [0, 1, 0, 2, 0, 1, 4, 2, 0, 2, 0], [0, 2, 0, 2, 0, 1, 1, 2, 0, 2, 0], [0, 2, 0, 2, 0, 1, 0, 2, 0, 2, 0], [0, 2, 0, 2, 0, 0, 0, 2, 0, 2, 0], [0, 2, 2, 2, 2, 2, 2, 2, 2, 2, 0], [0, 0, 0, 2, 0, 2, 0, 2, 0, 0, 0], [0, 2, 2, 2, 0, 2, 0, 2, 2, 2, 0], [0, 2, 0, 2, 2, 2, 2, 2, 0, 2, 0], [0, 2, 0, 0, 0, 2, 0, 0, 0, 2, 0], [0, 3, 2, 2, 2, 2, 2, 2, 2, 2, 0], [0, 0, 0, 0, 0, 0, 0, 0, 0, 0, 0]]"
2026-05-23T18:23:43.554868,0,South,349.0,False,False,False,"[[0, 0, 0, 0, 0, 0, 0, 0, 0, 0, 0], [0, 2, 2, 2, 2, 1, 1, 1, 1, 1, 0], [0, 2, 0, 0, 0, 1, 0, 0, 0, 1, 0], [0, 4, 0, 1, 1, 1, 2, 2, 0, 1, 0], [0, 2, 2, 1, 0, 2, 0, 2, 2, 5, 0], [0, 0, 0, 1, 0, 2, 0, 2, 0, 0, 0], [0, 1, 1, 1, 2, 2, 2, 2, 2, 2, 0], [0, 1, 0, 2, 0, 0, 0, 2, 0, 2, 0], [0, 1, 0, 2, 0, 1, 0, 2, 0, 2, 0], [0, 1, 0, 2, 0, 1, 1, 4, 0, 2, 0], [0, 2, 0, 2, 0, 1, 1, 2, 0, 2, 0], [0, 2, 0, 2, 0, 1, 0, 2, 0, 2, 0], [0, 2, 0, 2, 0, 0, 0, 2, 0, 2, 0], [0, 2, 2, 2, 2, 2, 2, 2, 2, 2, 0], [0, 0, 0, 2, 0, 2, 0, 2, 0, 0, 0], [0, 2, 2, 2, 0, 2, 0, 2, 2, 2, 0], [0, 2, 0, 2, 2, 2, 2, 2, 0, 2, 0], [0, 2, 0, 0, 0, 2, 0, 0, 0, 2, 0], [0, 3, 2, 2, 2, 2, 2, 2, 2, 2, 0], [0, 0, 0, 0, 0, 0, 0, 0, 0, 0, 0]]"
2026-05-23T18:23:43.674716,0,South,358.0,False,False,False,"[[0, 0, 0, 0, 0, 0, 0, 0, 0, 0, 0], [0, 2, 2, 2, 2, 1, 1, 1, 1, 1, 0], [0, 2, 0, 0, 0, 1, 0, 0, 0, 1, 0], [0, 4, 0, 1, 1, 1, 2, 2, 0, 1, 0], [0, 2, 2, 1, 0, 2, 0, 2, 5, 1, 0], [0, 0, 0, 1, 0, 2, 0, 2, 0, 0, 0], [0, 1, 1, 1, 2, 2, 2, 2, 2, 2, 0], [0, 1, 0, 2, 0, 0, 0, 2, 0, 2, 0], [0, 1, 0, 2, 0, 1, 0, 4, 0, 2, 0], [0, 1, 0, 2, 0, 1, 1, 2, 0, 2, 0], [0, 2, 0, 2, 0, 1, 1, 2, 0, 2, 0], [0, 2, 0, 2, 0, 1, 0, 2, 0, 2, 0], [0, 2, 0, 2, 0, 0, 0, 2, 0, 2, 0], [0, 2, 2, 2, 2, 2, 2, 2, 2, 2, 0], [0, 0, 0, 2, 0, 2, 0, 2, 0, 0, 0], [0, 2, 2, 2, 0, 2, 0, 2, 2, 2, 0], [0, 2, 0, 2, 2, 2, 2, 2, 0, 2, 0], [0, 2, 0, 0, 0, 2, 0, 0, 0, 2, 0], [0, 3, 2, 2, 2, 2, 2, 2, 2, 2, 0], [0, 0, 0, 0, 0, 0, 0, 0, 0, 0, 0]]"
2026-05-23T18:23:43.793063,0,West,367.0,False,False,False,"[[0, 0, 0, 0, 0, 0, 0, 0, 0, 0, 0], [0, 2, 2, 2, 2, 1, 1, 1, 1, 1, 0], [0, 2, 0, 0, 0, 1, 0, 0, 0, 1, 0], [0, 2, 0, 1, 1, 1, 2, 2, 0, 1, 0], [0, 4, 2, 1, 0, 2, 0, 5, 1, 1, 0], [0, 0, 0, 1, 0, 2, 0, 2, 0, 0, 0], [0, 1, 1, 1, 2, 2, 2, 2, 2, 2, 0], [0, 1, 0, 2, 0, 0, 0, 4, 0, 2, 0], [0, 1, 0, 2, 0, 1, 0, 2, 0, 2, 0], [0, 1, 0, 2, 0, 1, 1, 2, 0, 2, 0], [0, 2, 0, 2, 0, 1, 1, 2, 0, 2, 0], [0, 2, 0, 2, 0, 1, 0, 2, 0, 2, 0], [0, 2, 0, 2, 0, 0, 0, 2, 0, 2, 0], [0, 2, 2, 2, 2, 2, 2, 2, 2, 2, 0], [0, 0, 0, 2, 0, 2, 0, 2, 0, 0, 0], [0, 2, 2, 2, 0, 2, 0, 2, 2, 2, 0], [0, 2, 0, 2, 2, 2, 2, 2, 0, 2, 0], [0, 2, 0, 0, 0, 2, 0, 0, 0, 2, 0], [0, 3, 2, 2, 2, 2, 2, 2, 2, 2, 0], [0, 0, 0, 0, 0, 0, 0, 0, 0, 0, 0]]"
2026-05-23T18:23:43.912566,0,Stop,376.0,False,False,False,"[[0, 0, 0, 0, 0, 0, 0, 0, 0, 0, 0], [0, 2, 2, 2, 2, 1, 1, 1, 1, 1, 0], [0, 2, 0, 0, 0, 1, 0, 0, 0, 1, 0], [0, 2, 0, 1, 1, 1, 2, 5, 0, 1, 0], [0, 4, 2, 1, 0, 2, 0, 1, 1, 1, 0], [0, 0, 0, 1, 0, 2, 0, 2, 0, 0, 0], [0, 1, 1, 1, 2, 2, 2, 4, 2, 2, 0], [0, 1, 0, 2, 0, 0, 0, 2, 0, 2, 0], [0, 1, 0, 2, 0, 1, 0, 2, 0, 2, 0], [0, 1, 0, 2, 0, 1, 1, 2, 0, 2, 0], [0, 2, 0, 2, 0, 1, 1, 2, 0, 2, 0], [0, 2, 0, 2, 0, 1, 0, 2, 0, 2, 0], [0, 2, 0, 2, 0, 0, 0, 2, 0, 2, 0], [0, 2, 2, 2, 2, 2, 2, 2, 2, 2, 0], [0, 0, 0, 2, 0, 2, 0, 2, 0, 0, 0], [0, 2, 2, 2, 0, 2, 0, 2, 2, 2, 0], [0, 2, 0, 2, 2, 2, 2, 2, 0, 2, 0], [0, 2, 0, 0, 0, 2, 0, 0, 0, 2, 0], [0, 3, 2, 2, 2, 2, 2, 2, 2, 2, 0], [0, 0, 0, 0, 0, 0, 0, 0, 0, 0, 0]]"
2026-05-23T18:23:44.030747,0,Stop,375.0,False,False,False,"[[0, 0, 0, 0, 0, 0, 0, 0, 0, 0, 0], [0, 2, 2, 2, 2, 1, 1, 1, 1, 1, 0], [0, 2, 0, 0, 0, 1, 0, 0, 0, 1, 0], [0, 2, 0, 1, 1, 1, 2, 5, 0, 1, 0], [0, 2, 4, 1, 0, 2, 0, 1, 1, 1, 0], [0, 0, 0, 1, 0, 2, 0, 4, 0, 0, 0], [0, 1, 1, 1, 2, 2, 2, 2, 2, 2, 0], [0, 1, 0, 2, 0, 0, 0, 2, 0, 2, 0], [0, 1, 0, 2, 0, 1, 0, 2, 0, 2, 0], [0, 1, 0, 2, 0, 1, 1, 2, 0, 2, 0], [0, 2, 0, 2, 0, 1, 1, 2, 0, 2, 0], [0, 2, 0, 2, 0, 1, 0, 2, 0, 2, 0], [0, 2, 0, 2, 0, 0, 0, 2, 0, 2, 0], [0, 2, 2, 2, 2, 2, 2, 2, 2, 2, 0], [0, 0, 0, 2, 0, 2, 0, 2, 0, 0, 0], [0, 2, 2, 2, 0, 2, 0, 2, 2, 2, 0], [0, 2, 0, 2, 2, 2, 2, 2, 0, 2, 0], [0, 2, 0, 0, 0, 2, 0, 0, 0, 2, 0], [0, 3, 2, 2, 2, 2, 2, 2, 2, 2, 0], [0, 0, 0, 0, 0, 0, 0, 0, 0, 0, 0]]"
2026-05-23T18:23:44.148270,0,South,374.0,False,False,False,"[[0, 0, 0, 0, 0, 0, 0, 0, 0, 0, 0], [0, 2, 2, 2, 2, 1, 1, 1, 1, 1, 0], [0, 2, 0, 0, 0, 1, 0, 0, 0, 1, 0], [0, 2, 0, 1, 1, 1, 2, 5, 0, 1, 0], [0, 2, 4, 1, 0, 2, 0, 4, 1, 1, 0], [0, 0, 0, 1, 0, 2, 0, 2, 0, 0, 0], [0, 1, 1, 1, 2, 2, 2, 2, 2, 2, 0], [0, 1, 0, 2, 0, 0, 0, 2, 0, 2, 0], [0, 1, 0, 2, 0, 1, 0, 2, 0, 2, 0], [0, 1, 0, 2, 0, 1, 1, 2, 0, 2, 0], [0, 2, 0, 2, 0, 1, 1, 2, 0, 2, 0], [0, 2, 0, 2, 0, 1, 0, 2, 0, 2, 0], [0, 2, 0, 2, 0, 0, 0, 2, 0, 2, 0], [0, 2, 2, 2, 2, 2, 2, 2, 2, 2, 0], [0, 0, 0, 2, 0, 2, 0, 2, 0, 0, 0], [0, 2, 2, 2, 0, 2, 0, 2, 2, 2, 0], [0, 2, 0, 2, 2, 2, 2, 2, 0, 2, 0], [0, 2, 0, 0, 0, 2, 0, 0, 0, 2, 0], [0, 3, 2, 2, 2, 2, 2, 2, 2, 2, 0], [0, 0, 0, 0, 0, 0, 0, 0, 0, 0, 0]]"
2026-05-23T18:23:44.266159,0,South,383.0,False,False,False,"[[0, 0, 0, 0, 0, 0, 0, 0, 0, 0, 0], [0, 2, 2, 2, 2, 1, 1, 1, 1, 1, 0], [0, 2, 0, 0, 0, 1, 0, 0, 0, 1, 0], [0, 2, 0, 1, 1, 1, 5, 4, 0, 1, 0], [0, 2, 2, 4, 0, 2, 0, 1, 1, 1, 0], [0, 0, 0, 1, 0, 2, 0, 2, 0, 0, 0], [0, 1, 1, 1, 2, 2, 2, 2, 2, 2, 0], [0, 1, 0, 2, 0, 0, 0, 2, 0, 2, 0], [0, 1, 0, 2, 0, 1, 0, 2, 0, 2, 0], [0, 1, 0, 2, 0, 1, 1, 2, 0, 2, 0], [0, 2, 0, 2, 0, 1, 1, 2, 0, 2, 0], [0, 2, 0, 2, 0, 1, 0, 2, 0, 2, 0], [0, 2, 0, 2, 0, 0, 0, 2, 0, 2, 0], [0, 2, 2, 2, 2, 2, 2, 2, 2, 2, 0], [0, 0, 0, 2, 0, 2, 0, 2, 0, 0, 0], [0, 2, 2, 2, 0, 2, 0, 2, 2, 2, 0], [0, 2, 0, 2, 2, 2, 2, 2, 0, 2, 0], [0, 2, 0, 0, 0, 2, 0, 0, 0, 2, 0], [0, 3, 2, 2, 2, 2, 2, 2, 2, 2, 0], [0, 0, 0, 0, 0, 0, 0, 0, 0, 0, 0]]"
2026-05-23T18:23:44.382617,0,East,382.0,False,False,False,"[[0, 0, 0, 0, 0, 0, 0, 0, 0, 0, 0], [0, 2, 2, 2, 2, 1, 1, 1, 1, 1, 0], [0, 2, 0, 0, 0, 1, 0, 0, 0, 1, 0], [0, 2, 0, 1, 1, 5, 4, 1, 0, 1, 0], [0, 2, 2, 4, 0, 2, 0, 1, 1, 1, 0], [0, 0, 0, 1, 0, 2, 0, 2, 0, 0, 0], [0, 1, 1, 1, 2, 2, 2, 2, 2, 2, 0], [0, 1, 0, 2, 0, 0, 0, 2, 0, 2, 0], [0, 1, 0, 2, 0, 1, 0, 2, 0, 2, 0], [0, 1, 0, 2, 0, 1, 1, 2, 0, 2, 0], [0, 2, 0, 2, 0, 1, 1, 2, 0, 2, 0], [0, 2, 0, 2, 0, 1, 0, 2, 0, 2, 0], [0, 2, 0, 2, 0, 0, 0, 2, 0, 2, 0], [0, 2, 2, 2, 2, 2, 2, 2, 2, 2, 0], [0, 0, 0, 2, 0, 2, 0, 2, 0, 0, 0], [0, 2, 2, 2, 0, 2, 0, 2, 2, 2, 0], [0, 2, 0, 2, 2, 2, 2, 2, 0, 2, 0], [0, 2, 0, 0, 0, 2, 0, 0, 0, 2, 0], [0, 3, 2, 2, 2, 2, 2, 2, 2, 2, 0], [0, 0, 0, 0, 0, 0, 0, 0, 0, 0, 0]]"
2026-05-23T18:23:44.506024,0,East,391.0,False,False,False,"[[0, 0, 0, 0, 0, 0, 0, 0, 0, 0, 0], [0, 2, 2, 2, 2, 1, 1, 1, 1, 1, 0], [0, 2, 0, 0, 0, 1, 0, 0, 0, 1, 0], [0, 2, 0, 1, 1, 4, 1, 1, 0, 1, 0], [0, 2, 2, 1, 0, 5, 0, 1, 1, 1, 0], [0, 0, 0, 4, 0, 2, 0, 2, 0, 0, 0], [0, 1, 1, 1, 2, 2, 2, 2, 2, 2, 0], [0, 1, 0, 2, 0, 0, 0, 2, 0, 2, 0], [0, 1, 0, 2, 0, 1, 0, 2, 0, 2, 0], [0, 1, 0, 2, 0, 1, 1, 2, 0, 2, 0], [0, 2, 0, 2, 0, 1, 1, 2, 0, 2, 0], [0, 2, 0, 2, 0, 1, 0, 2, 0, 2, 0], [0, 2, 0, 2, 0, 0, 0, 2, 0, 2, 0], [0, 2, 2, 2, 2, 2, 2, 2, 2, 2, 0], [0, 0, 0, 2, 0, 2, 0, 2, 0, 0, 0], [0, 2, 2, 2, 0, 2, 0, 2, 2, 2, 0], [0, 2, 0, 2, 2, 2, 2, 2, 0, 2, 0], [0, 2, 0, 0, 0, 2, 0, 0, 0, 2, 0], [0, 3, 2, 2, 2, 2, 2, 2, 2, 2, 0], [0, 0, 0, 0, 0, 0, 0, 0, 0, 0, 0]]"
2026-05-23T18:23:44.629496,0,East,400.0,False,False,False,"[[0, 0, 0, 0, 0, 0, 0, 0, 0, 0, 0], [0, 2, 2, 2, 2, 1, 1, 1, 1, 1, 0], [0, 2, 0, 0, 0, 1, 0, 0, 0, 1, 0], [0, 2, 0, 1, 1, 1, 1, 1, 0, 1, 0], [0, 2, 2, 1, 0, 4, 0, 1, 1, 1, 0], [0, 0, 0, 4, 0, 5, 0, 2, 0, 0, 0], [0, 1, 1, 1, 2, 2, 2, 2, 2, 2, 0], [0, 1, 0, 2, 0, 0, 0, 2, 0, 2, 0], [0, 1, 0, 2, 0, 1, 0, 2, 0, 2, 0], [0, 1, 0, 2, 0, 1, 1, 2, 0, 2, 0], [0, 2, 0, 2, 0, 1, 1, 2, 0, 2, 0], [0, 2, 0, 2, 0, 1, 0, 2, 0, 2, 0], [0, 2, 0, 2, 0, 0, 0, 2, 0, 2, 0], [0, 2, 2, 2, 2, 2, 2, 2, 2, 2, 0], [0, 0, 0, 2, 0, 2, 0, 2, 0, 0, 0], [0, 2, 2, 2, 0, 2, 0, 2, 2, 2, 0], [0, 2, 0, 2, 2, 2, 2, 2, 0, 2, 0], [0, 2, 0, 0, 0, 2, 0, 0, 0, 2, 0], [0, 3, 2, 2, 2, 2, 2, 2, 2, 2, 0], [0, 0, 0, 0, 0, 0, 0, 0, 0, 0, 0]]"
2026-05-23T18:23:44.752989,0,South,409.0,False,False,False,"[[0, 0, 0, 0, 0, 0, 0, 0, 0, 0, 0], [0, 2, 2, 2, 2, 1, 1, 1, 1, 1, 0], [0, 2, 0, 0, 0, 1, 0, 0, 0, 1, 0], [0, 2, 0, 1, 1, 1, 1, 1, 0, 1, 0], [0, 2, 2, 1, 0, 1, 0, 1, 1, 1, 0], [0, 0, 0, 1, 0, 4, 0, 2, 0, 0, 0], [0, 1, 1, 4, 2, 5, 2, 2, 2, 2, 0], [0, 1, 0, 2, 0, 0, 0, 2, 0, 2, 0], [0, 1, 0, 2, 0, 1, 0, 2, 0, 2, 0], [0, 1, 0, 2, 0, 1, 1, 2, 0, 2, 0], [0, 2, 0, 2, 0, 1, 1, 2, 0, 2, 0], [0, 2, 0, 2, 0, 1, 0, 2, 0, 2, 0], [0, 2, 0, 2, 0, 0, 0, 2, 0, 2, 0], [0, 2, 2, 2, 2, 2, 2, 2, 2, 2, 0], [0, 0, 0, 2, 0, 2, 0, 2, 0, 0, 0], [0, 2, 2, 2, 0, 2, 0, 2, 2, 2, 0], [0, 2, 0, 2, 2, 2, 2, 2, 0, 2, 0], [0, 2, 0, 0, 0, 2, 0, 0, 0, 2, 0], [0, 3, 2, 2, 2, 2, 2, 2, 2, 2, 0], [0, 0, 0, 0, 0, 0, 0, 0, 0, 0, 0]]"
2026-05-23T18:23:44.872751,0,South,418.0,False,False,False,"[[0, 0, 0, 0, 0, 0, 0, 0, 0, 0, 0], [0, 2, 2, 2, 2, 1, 1, 1, 1, 1, 0], [0, 2, 0, 0, 0, 1, 0, 0, 0, 1, 0], [0, 2, 0, 1, 1, 1, 1, 1, 0, 1, 0], [0, 2, 2, 1, 0, 1, 0, 1, 1, 1, 0], [0, 0, 0, 1, 0, 1, 0, 2, 0, 0, 0], [0, 1, 4, 1, 5, 4, 2, 2, 2, 2, 0], [0, 1, 0, 2, 0, 0, 0, 2, 0, 2, 0], [0, 1, 0, 2, 0, 1, 0, 2, 0, 2, 0], [0, 1, 0, 2, 0, 1, 1, 2, 0, 2, 0], [0, 2, 0, 2, 0, 1, 1, 2, 0, 2, 0], [0, 2, 0, 2, 0, 1, 0, 2, 0, 2, 0], [0, 2, 0, 2, 0, 0, 0, 2, 0, 2, 0], [0, 2, 2, 2, 2, 2, 2, 2, 2, 2, 0], [0, 0, 0, 2, 0, 2, 0, 2, 0, 0, 0], [0, 2, 2, 2, 0, 2, 0, 2, 2, 2, 0], [0, 2, 0, 2, 2, 2, 2, 2, 0, 2, 0], [0, 2, 0, 0, 0, 2, 0, 0, 0, 2, 0], [0, 3, 2, 2, 2, 2, 2, 2, 2, 2, 0], [0, 0, 0, 0, 0, 0, 0, 0, 0, 0, 0]]"
2026-05-23T18:23:44.994730,0,East,617.0,False,False,False,"[[0, 0, 0, 0, 0, 0, 0, 0, 0, 0, 0], [0, 2, 2, 2, 2, 1, 1, 1, 1, 1, 0], [0, 2, 0, 0, 0, 1, 0, 0, 0, 1, 0], [0, 2, 0, 1, 1, 1, 1, 1, 0, 1, 0], [0, 2, 2, 1, 0, 1, 0, 1, 1, 1, 0], [0, 0, 0, 1, 0, 1, 0, 2, 0, 0, 0], [0, 1, 1, 5, 4, 1, 2, 2, 2, 2, 0], [0, 1, 0, 2, 0, 0, 0, 2, 0, 2, 0], [0, 1, 0, 2, 0, 1, 0, 2, 0, 2, 0], [0, 1, 0, 2, 0, 1, 1, 2, 0, 2, 0], [0, 2, 0, 2, 0, 4, 1, 2, 0, 2, 0], [0, 2, 0, 2, 0, 1, 0, 2, 0, 2, 0], [0, 2, 0, 2, 0, 0, 0, 2, 0, 2, 0], [0, 2, 2, 2, 2, 2, 2, 2, 2, 2, 0], [0, 0, 0, 2, 0, 2, 0, 2, 0, 0, 0], [0, 2, 2, 2, 0, 2, 0, 2, 2, 2, 0], [0, 2, 0, 2, 2, 2, 2, 2, 0, 2, 0], [0, 2, 0, 0, 0, 2, 0, 0, 0, 2, 0], [0, 3, 2, 2, 2, 2, 2, 2, 2, 2, 0], [0, 0, 0, 0, 0, 0, 0, 0, 0, 0, 0]]"
2026-05-23T18:23:45.121825,0,East,626.0,False,False,False,"[[0, 0, 0, 0, 0, 0, 0, 0, 0, 0, 0], [0, 2, 2, 2, 2, 1, 1, 1, 1, 1, 0], [0, 2, 0, 0, 0, 1, 0, 0, 0, 1, 0], [0, 2, 0, 1, 1, 1, 1, 1, 0, 1, 0], [0, 2, 2, 1, 0, 1, 0, 1, 1, 1, 0], [0, 0, 0, 1, 0, 1, 0, 2, 0, 0, 0], [0, 1, 1, 4, 1, 1, 2, 2, 2, 2, 0], [0, 1, 0, 5, 0, 0, 0, 2, 0, 2, 0], [0, 1, 0, 2, 0, 1, 0, 2, 0, 2, 0], [0, 1, 0, 2, 0, 4, 1, 2, 0, 2, 0], [0, 2, 0, 2, 0, 1, 1, 2, 0, 2, 0], [0, 2, 0, 2, 0, 1, 0, 2, 0, 2, 0], [0, 2, 0, 2, 0, 0, 0, 2, 0, 2, 0], [0, 2, 2, 2, 2, 2, 2, 2, 2, 2, 0], [0, 0, 0, 2, 0, 2, 0, 2, 0, 0, 0], [0, 2, 2, 2, 0, 2, 0, 2, 2, 2, 0], [0, 2, 0, 2, 2, 2, 2, 2, 0, 2, 0], [0, 2, 0, 0, 0, 2, 0, 0, 0, 2, 0], [0, 3, 2, 2, 2, 2, 2, 2, 2, 2, 0], [0, 0, 0, 0, 0, 0, 0, 0, 0, 0, 0]]"
2026-05-23T18:23:45.236840,0,East,635.0,False,False,False,"[[0, 0, 0, 0, 0, 0, 0, 0, 0, 0, 0], [0, 2, 2, 2, 2, 1, 1, 1, 1, 1, 0], [0, 2, 0, 0, 0, 1, 0, 0, 0, 1, 0], [0, 2, 0, 1, 1, 1, 1, 1, 0, 1, 0], [0, 2, 2, 1, 0, 1, 0, 1, 1, 1, 0], [0, 0, 0, 1, 0, 1, 0, 2, 0, 0, 0], [0, 1, 1, 1, 1, 1, 2, 2, 2, 2, 0], [0, 1, 0, 4, 0, 0, 0, 2, 0, 2, 0], [0, 1, 0, 5, 0, 4, 0, 2, 0, 2, 0], [0, 1, 0, 2, 0, 1, 1, 2, 0, 2, 0], [0, 2, 0, 2, 0, 1, 1, 2, 0, 2, 0], [0, 2, 0, 2, 0, 1, 0, 2, 0, 2, 0], [0, 2, 0, 2, 0, 0, 0, 2, 0, 2, 0], [0, 2, 2, 2, 2, 2, 2, 2, 2, 2, 0], [0, 0, 0, 2, 0, 2, 0, 2, 0, 0, 0], [0, 2, 2, 2, 0, 2, 0, 2, 2, 2, 0], [0, 2, 0, 2, 2, 2, 2, 2, 0, 2, 0], [0, 2, 0, 0, 0, 2, 0, 0, 0, 2, 0], [0, 3, 2, 2, 2, 2, 2, 2, 2, 2, 0], [0, 0, 0, 0, 0, 0, 0, 0, 0, 0, 0]]"
2026-05-23T18:23:45.356377,0,East,644.0,False,False,False,"[[0, 0, 0, 0, 0, 0, 0, 0, 0, 0, 0], [0, 2, 2, 2, 2, 1, 1, 1, 1, 1, 0], [0, 2, 0, 0, 0, 1, 0, 0, 0, 1, 0], [0, 2, 0, 1, 1, 1, 1, 1, 0, 1, 0], [0, 2, 2, 1, 0, 1, 0, 1, 1, 1, 0], [0, 0, 0, 1, 0, 1, 0, 2, 0, 0, 0], [0, 1, 1, 1, 1, 1, 2, 2, 2, 2, 0], [0, 1, 0, 1, 0, 0, 0, 2, 0, 2, 0], [0, 1, 0, 4, 0, 1, 0, 2, 0, 2, 0], [0, 1, 0, 5, 0, 4, 1, 2, 0, 2, 0], [0, 2, 0, 2, 0, 1, 1, 2, 0, 2, 0], [0, 2, 0, 2, 0, 1, 0, 2, 0, 2, 0], [0, 2, 0, 2, 0, 0, 0, 2, 0, 2, 0], [0, 2, 2, 2, 2, 2, 2, 2, 2, 2, 0], [0, 0, 0, 2, 0, 2, 0, 2, 0, 0, 0], [0, 2, 2, 2, 0, 2, 0, 2, 2, 2, 0], [0, 2, 0, 2, 2, 2, 2, 2, 0, 2, 0], [0, 2, 0, 0, 0, 2, 0, 0, 0, 2, 0], [0, 3, 2, 2, 2, 2, 2, 2, 2, 2, 0], [0, 0, 0, 0, 0, 0, 0, 0, 0, 0, 0]]"
2026-05-23T18:23:45.472250,0,East,653.0,False,False,False,"[[0, 0, 0, 0, 0, 0, 0, 0, 0, 0, 0], [0, 2, 2, 2, 2, 1, 1, 1, 1, 1, 0], [0, 2, 0, 0, 0, 1, 0, 0, 0, 1, 0], [0, 2, 0, 1, 1, 1, 1, 1, 0, 1, 0], [0, 2, 2, 1, 0, 1, 0, 1, 1, 1, 0], [0, 0, 0, 1, 0, 1, 0, 2, 0, 0, 0], [0, 1, 1, 1, 1, 1, 2, 2, 2, 2, 0], [0, 1, 0, 1, 0, 0, 0, 2, 0, 2, 0], [0, 1, 0, 1, 0, 1, 0, 2, 0, 2, 0], [0, 1, 0, 4, 0, 1, 1, 2, 0, 2, 0], [0, 2, 0, 5, 0, 4, 1, 2, 0, 2, 0], [0, 2, 0, 2, 0, 1, 0, 2, 0, 2, 0], [0, 2, 0, 2, 0, 0, 0, 2, 0, 2, 0], [0, 2, 2, 2, 2, 2, 2, 2, 2, 2, 0], [0, 0, 0, 2, 0, 2, 0, 2, 0, 0, 0], [0, 2, 2, 2, 0, 2, 0, 2, 2, 2, 0], [0, 2, 0, 2, 2, 2, 2, 2, 0, 2, 0], [0, 2, 0, 0, 0, 2, 0, 0, 0, 2, 0], [0, 3, 2, 2, 2, 2, 2, 2, 2, 2, 0], [0, 0, 0, 0, 0, 0, 0, 0, 0, 0, 0]]"
2026-05-23T18:23:45.586339,0,East,662.0,False,False,False,"[[0, 0, 0, 0, 0, 0, 0, 0, 0, 0, 0], [0, 2, 2, 2, 2, 1, 1, 1, 1, 1, 0], [0, 2, 0, 0, 0, 1, 0, 0, 0, 1, 0], [0, 2, 0, 1, 1, 1, 1, 1, 0, 1, 0], [0, 2, 2, 1, 0, 1, 0, 1, 1, 1, 0], [0, 0, 0, 1, 0, 1, 0, 2, 0, 0, 0], [0, 1, 1, 1, 1, 1, 2, 2, 2, 2, 0], [0, 1, 0, 1, 0, 0, 0, 2, 0, 2, 0], [0, 1, 0, 1, 0, 1, 0, 2, 0, 2, 0], [0, 1, 0, 1, 0, 1, 1, 2, 0, 2, 0], [0, 2, 0, 4, 0, 1, 1, 2, 0, 2, 0], [0, 2, 0, 5, 0, 4, 0, 2, 0, 2, 0], [0, 2, 0, 2, 0, 0, 0, 2, 0, 2, 0], [0, 2, 2, 2, 2, 2, 2, 2, 2, 2, 0], [0, 0, 0, 2, 0, 2, 0, 2, 0, 0, 0], [0, 2, 2, 2, 0, 2, 0, 2, 2, 2, 0], [0, 2, 0, 2, 2, 2, 2, 2, 0, 2, 0], [0, 2, 0, 0, 0, 2, 0, 0, 0, 2, 0], [0, 3, 2, 2, 2, 2, 2, 2, 2, 2, 0], [0, 0, 0, 0, 0, 0, 0, 0, 0, 0, 0]]"
2026-05-23T18:23:45.708834,0,East,671.0,False,False,False,"[[0, 0, 0, 0, 0, 0, 0, 0, 0, 0, 0], [0, 2, 2, 2, 2, 1, 1, 1, 1, 1, 0], [0, 2, 0, 0, 0, 1, 0, 0, 0, 1, 0], [0, 2, 0, 1, 1, 1, 1, 1, 0, 1, 0], [0, 2, 2, 1, 0, 1, 0, 1, 1, 1, 0], [0, 0, 0, 1, 0, 1, 0, 2, 0, 0, 0], [0, 1, 1, 1, 1, 1, 2, 2, 2, 2, 0], [0, 1, 0, 1, 0, 0, 0, 2, 0, 2, 0], [0, 1, 0, 1, 0, 1, 0, 2, 0, 2, 0], [0, 1, 0, 1, 0, 1, 1, 2, 0, 2, 0], [0, 2, 0, 1, 0, 4, 1, 2, 0, 2, 0], [0, 2, 0, 4, 0, 1, 0, 2, 0, 2, 0], [0, 2, 0, 5, 0, 0, 0, 2, 0, 2, 0], [0, 2, 2, 2, 2, 2, 2, 2, 2, 2, 0], [0, 0, 0, 2, 0, 2, 0, 2, 0, 0, 0], [0, 2, 2, 2, 0, 2, 0, 2, 2, 2, 0], [0, 2, 0, 2, 2, 2, 2, 2, 0, 2, 0], [0, 2, 0, 0, 0, 2, 0, 0, 0, 2, 0], [0, 3, 2, 2, 2, 2, 2, 2, 2, 2, 0], [0, 0, 0, 0, 0, 0, 0, 0, 0, 0, 0]]"
2026-05-23T18:23:45.829358,0,East,680.0,False,False,False,"[[0, 0, 0, 0, 0, 0, 0, 0, 0, 0, 0], [0, 2, 2, 2, 2, 1, 1, 1, 1, 1, 0], [0, 2, 0, 0, 0, 1, 0, 0, 0, 1, 0], [0, 2, 0, 1, 1, 1, 1, 1, 0, 1, 0], [0, 2, 2, 1, 0, 1, 0, 1, 1, 1, 0], [0, 0, 0, 1, 0, 1, 0, 2, 0, 0, 0], [0, 1, 1, 1, 1, 1, 2, 2, 2, 2, 0], [0, 1, 0, 1, 0, 0, 0, 2, 0, 2, 0], [0, 1, 0, 1, 0, 1, 0, 2, 0, 2, 0], [0, 1, 0, 1, 0, 4, 1, 2, 0, 2, 0], [0, 2, 0, 1, 0, 1, 1, 2, 0, 2, 0], [0, 2, 0, 1, 0, 1, 0, 2, 0, 2, 0], [0, 2, 0, 4, 0, 0, 0, 2, 0, 2, 0], [0, 2, 2, 5, 2, 2, 2, 2, 2, 2, 0], [0, 0, 0, 2, 0, 2, 0, 2, 0, 0, 0], [0, 2, 2, 2, 0, 2, 0, 2, 2, 2, 0], [0, 2, 0, 2, 2, 2, 2, 2, 0, 2, 0], [0, 2, 0, 0, 0, 2, 0, 0, 0, 2, 0], [0, 3, 2, 2, 2, 2, 2, 2, 2, 2, 0], [0, 0, 0, 0, 0, 0, 0, 0, 0, 0, 0]]"
2026-05-23T18:23:45.955036,0,East,689.0,False,False,False,"[[0, 0, 0, 0, 0, 0, 0, 0, 0, 0, 0], [0, 2, 2, 2, 2, 1, 1, 1, 1, 1, 0], [0, 2, 0, 0, 0, 1, 0, 0, 0, 1, 0], [0, 2, 0, 1, 1, 1, 1, 1, 0, 1, 0], [0, 2, 2, 1, 0, 1, 0, 1, 1, 1, 0], [0, 0, 0, 1, 0, 1, 0, 2, 0, 0, 0], [0, 1, 1, 1, 1, 1, 2, 2, 2, 2, 0], [0, 1, 0, 1, 0, 0, 0, 2, 0, 2, 0], [0, 1, 0, 1, 0, 1, 0, 2, 0, 2, 0], [0, 1, 0, 1, 0, 1, 4, 2, 0, 2, 0], [0, 2, 0, 1, 0, 1, 1, 2, 0, 2, 0], [0, 2, 0, 1, 0, 1, 0, 2, 0, 2, 0], [0, 2, 0, 1, 0, 0, 0, 2, 0, 2, 0], [0, 2, 2, 4, 2, 2, 2, 2, 2, 2, 0], [0, 0, 0, 5, 0, 2, 0, 2, 0, 0, 0], [0, 2, 2, 2, 0, 2, 0, 2, 2, 2, 0], [0, 2, 0, 2, 2, 2, 2, 2, 0, 2, 0], [0, 2, 0, 0, 0, 2, 0, 0, 0, 2, 0], [0, 3, 2, 2, 2, 2, 2, 2, 2, 2, 0], [0, 0, 0, 0, 0, 0, 0, 0, 0, 0, 0]]"
2026-05-23T18:23:46.081372,0,East,698.0,False,False,False,"[[0, 0, 0, 0, 0, 0, 0, 0, 0, 0, 0], [0, 2, 2, 2, 2, 1, 1, 1, 1, 1, 0], [0, 2, 0, 0, 0, 1, 0, 0, 0, 1, 0], [0, 2, 0, 1, 1, 1, 1, 1, 0, 1, 0], [0, 2, 2, 1, 0, 1, 0, 1, 1, 1, 0], [0, 0, 0, 1, 0, 1, 0, 2, 0, 0, 0], [0, 1, 1, 1, 1, 1, 2, 2, 2, 2, 0], [0, 1, 0, 1, 0, 0, 0, 2, 0, 2, 0], [0, 1, 0, 1, 0, 1, 0, 2, 0, 2, 0], [0, 1, 0, 1, 0, 1, 1, 2, 0, 2, 0], [0, 2, 0, 1, 0, 1, 4, 2, 0, 2, 0], [0, 2, 0, 1, 0, 1, 0, 2, 0, 2, 0], [0, 2, 0, 1, 0, 0, 0, 2, 0, 2, 0], [0, 2, 2, 1, 2, 2, 2, 2, 2, 2, 0], [0, 0, 0, 4, 0, 2, 0, 2, 0, 0, 0], [0, 2, 2, 5, 0, 2, 0, 2, 2, 2, 0], [0, 2, 0, 2, 2, 2, 2, 2, 0, 2, 0], [0, 2, 0, 0, 0, 2, 0, 0, 0, 2, 0], [0, 3, 2, 2, 2, 2, 2, 2, 2, 2, 0], [0, 0, 0, 0, 0, 0, 0, 0, 0, 0, 0]]"
2026-05-23T18:23:46.201126,0,North,707.0,False,False,False,"[[0, 0, 0, 0, 0, 0, 0, 0, 0, 0, 0], [0, 2, 2, 2, 2, 1, 1, 1, 1, 1, 0], [0, 2, 0, 0, 0, 1, 0, 0, 0, 1, 0], [0, 2, 0, 1, 1, 1, 1, 1, 0, 1, 0], [0, 2, 2, 1, 0, 1, 0, 1, 1, 1, 0], [0, 0, 0, 1, 0, 1, 0, 2, 0, 0, 0], [0, 1, 1, 1, 1, 1, 2, 2, 2, 2, 0], [0, 1, 0, 1, 0, 0, 0, 2, 0, 2, 0], [0, 1, 0, 1, 0, 1, 0, 2, 0, 2, 0], [0, 1, 0, 1, 0, 1, 1, 2, 0, 2, 0], [0, 2, 0, 1, 0, 4, 1, 2, 0, 2, 0], [0, 2, 0, 1, 0, 1, 0, 2, 0, 2, 0], [0, 2, 0, 1, 0, 0, 0, 2, 0, 2, 0], [0, 2, 2, 1, 2, 2, 2, 2, 2, 2, 0], [0, 0, 0, 1, 0, 2, 0, 2, 0, 0, 0], [0, 2, 2, 4, 0, 2, 0, 2, 2, 2, 0], [0, 2, 0, 5, 2, 2, 2, 2, 0, 2, 0], [0, 2, 0, 0, 0, 2, 0, 0, 0, 2, 0], [0, 3, 2, 2, 2, 2, 2, 2, 2, 2, 0], [0, 0, 0, 0, 0, 0, 0, 0, 0, 0, 0]]"
2026-05-23T18:23:46.318735,0,North,716.0,False,False,False,"[[0, 0, 0, 0, 0, 0, 0, 0, 0, 0, 0], [0, 2, 2, 2, 2, 1, 1, 1, 1, 1, 0], [0, 2, 0, 0, 0, 1, 0, 0, 0, 1, 0], [0, 2, 0, 1, 1, 1, 1, 1, 0, 1, 0], [0, 2, 2, 1, 0, 1, 0, 1, 1, 1, 0], [0, 0, 0, 1, 0, 1, 0, 2, 0, 0, 0], [0, 1, 1, 1, 1, 1, 2, 2, 2, 2, 0], [0, 1, 0, 1, 0, 0, 0, 2, 0, 2, 0], [0, 1, 0, 1, 0, 1, 0, 2, 0, 2, 0], [0, 1, 0, 1, 0, 1, 1, 2, 0, 2, 0], [0, 2, 0, 1, 0, 1, 1, 2, 0, 2, 0], [0, 2, 0, 1, 0, 4, 0, 2, 0, 2, 0], [0, 2, 0, 1, 0, 0, 0, 2, 0, 2, 0], [0, 2, 2, 1, 2, 2, 2, 2, 2, 2, 0], [0, 0, 0, 1, 0, 2, 0, 2, 0, 0, 0], [0, 2, 2, 1, 0, 2, 0, 2, 2, 2, 0], [0, 2, 0, 4, 5, 2, 2, 2, 0, 2, 0], [0, 2, 0, 0, 0, 2, 0, 0, 0, 2, 0], [0, 3, 2, 2, 2, 2, 2, 2, 2, 2, 0], [0, 0, 0, 0, 0, 0, 0, 0, 0, 0, 0]]"
2026-05-23T18:23:46.439492,0,West,725.0,False,False,False,"[[0, 0, 0, 0, 0, 0, 0, 0, 0, 0, 0], [0, 2, 2, 2, 2, 1, 1, 1, 1, 1, 0], [0, 2, 0, 0, 0, 1, 0, 0, 0, 1, 0], [0, 2, 0, 1, 1, 1, 1, 1, 0, 1, 0], [0, 2, 2, 1, 0, 1, 0, 1, 1, 1, 0], [0, 0, 0, 1, 0, 1, 0, 2, 0, 0, 0], [0, 1, 1, 1, 1, 1, 2, 2, 2, 2, 0], [0, 1, 0, 1, 0, 0, 0, 2, 0, 2, 0], [0, 1, 0, 1, 0, 1, 0, 2, 0, 2, 0], [0, 1, 0, 1, 0, 1, 1, 2, 0, 2, 0], [0, 2, 0, 1, 0, 4, 1, 2, 0, 2, 0], [0, 2, 0, 1, 0, 1, 0, 2, 0, 2, 0], [0, 2, 0, 1, 0, 0, 0, 2, 0, 2, 0], [0, 2, 2, 1, 2, 2, 2, 2, 2, 2, 0], [0, 0, 0, 1, 0, 2, 0, 2, 0, 0, 0], [0, 2, 2, 1, 0, 2, 0, 2, 2, 2, 0], [0, 2, 0, 1, 4, 5, 2, 2, 0, 2, 0], [0, 2, 0, 0, 0, 2, 0, 0, 0, 2, 0], [0, 3, 2, 2, 2, 2, 2, 2, 2, 2, 0], [0, 0, 0, 0, 0, 0, 0, 0, 0, 0, 0]]"
2026-05-23T18:23:46.562849,0,West,734.0,False,False,False,"[[0, 0, 0, 0, 0, 0, 0, 0, 0, 0, 0], [0, 2, 2, 2, 2, 1, 1, 1, 1, 1, 0], [0, 2, 0, 0, 0, 1, 0, 0, 0, 1, 0], [0, 2, 0, 1, 1, 1, 1, 1, 0, 1, 0], [0, 2, 2, 1, 0, 1, 0, 1, 1, 1, 0], [0, 0, 0, 1, 0, 1, 0, 2, 0, 0, 0], [0, 1, 1, 1, 1, 1, 2, 2, 2, 2, 0], [0, 1, 0, 1, 0, 0, 0, 2, 0, 2, 0], [0, 1, 0, 1, 0, 1, 0, 2, 0, 2, 0], [0, 1, 0, 1, 0, 1, 1, 2, 0, 2, 0], [0, 2, 0, 1, 0, 1, 4, 2, 0, 2, 0], [0, 2, 0, 1, 0, 1, 0, 2, 0, 2, 0], [0, 2, 0, 1, 0, 0, 0, 2, 0, 2, 0], [0, 2, 2, 1, 2, 2, 2, 2, 2, 2, 0], [0, 0, 0, 1, 0, 2, 0, 2, 0, 0, 0], [0, 2, 2, 1, 0, 5, 0, 2, 2, 2, 0], [0, 2, 0, 1, 1, 4, 2, 2, 0, 2, 0], [0, 2, 0, 0, 0, 2, 0, 0, 0, 2, 0], [0, 3, 2, 2, 2, 2, 2, 2, 2, 2, 0], [0, 0, 0, 0, 0, 0, 0, 0, 0, 0, 0]]"
2026-05-23T18:23:46.688910,0,West,743.0,False,False,False,"[[0, 0, 0, 0, 0, 0, 0, 0, 0, 0, 0], [0, 2, 2, 2, 2, 1, 1, 1, 1, 1, 0], [0, 2, 0, 0, 0, 1, 0, 0, 0, 1, 0], [0, 2, 0, 1, 1, 1, 1, 1, 0, 1, 0], [0, 2, 2, 1, 0, 1, 0, 1, 1, 1, 0], [0, 0, 0, 1, 0, 1, 0, 2, 0, 0, 0], [0, 1, 1, 1, 1, 1, 2, 2, 2, 2, 0], [0, 1, 0, 1, 0, 0, 0, 2, 0, 2, 0], [0, 1, 0, 1, 0, 1, 0, 2, 0, 2, 0], [0, 1, 0, 1, 0, 1, 4, 2, 0, 2, 0], [0, 2, 0, 1, 0, 1, 1, 2, 0, 2, 0], [0, 2, 0, 1, 0, 1, 0, 2, 0, 2, 0], [0, 2, 0, 1, 0, 0, 0, 2, 0, 2, 0], [0, 2, 2, 1, 2, 2, 2, 2, 2, 2, 0], [0, 0, 0, 1, 0, 5, 0, 2, 0, 0, 0], [0, 2, 2, 1, 0, 1, 0, 2, 2, 2, 0], [0, 2, 0, 1, 1, 1, 4, 2, 0, 2, 0], [0, 2, 0, 0, 0, 2, 0, 0, 0, 2, 0], [0, 3, 2, 2, 2, 2, 2, 2, 2, 2, 0], [0, 0, 0, 0, 0, 0, 0, 0, 0, 0, 0]]"
2026-05-23T18:23:46.804170,0,North,752.0,False,False,False,"[[0, 0, 0, 0, 0, 0, 0, 0, 0, 0, 0], [0, 2, 2, 2, 2, 1, 1, 1, 1, 1, 0], [0, 2, 0, 0, 0, 1, 0, 0, 0, 1, 0], [0, 2, 0, 1, 1, 1, 1, 1, 0, 1, 0], [0, 2, 2, 1, 0, 1, 0, 1, 1, 1, 0], [0, 0, 0, 1, 0, 1, 0, 2, 0, 0, 0], [0, 1, 1, 1, 1, 1, 2, 2, 2, 2, 0], [0, 1, 0, 1, 0, 0, 0, 2, 0, 2, 0], [0, 1, 0, 1, 0, 1, 0, 2, 0, 2, 0], [0, 1, 0, 1, 0, 4, 1, 2, 0, 2, 0], [0, 2, 0, 1, 0, 1, 1, 2, 0, 2, 0], [0, 2, 0, 1, 0, 1, 0, 2, 0, 2, 0], [0, 2, 0, 1, 0, 0, 0, 2, 0, 2, 0], [0, 2, 2, 1, 2, 5, 2, 2, 2, 2, 0], [0, 0, 0, 1, 0, 1, 0, 2, 0, 0, 0], [0, 2, 2, 1, 0, 1, 0, 2, 2, 2, 0], [0, 2, 0, 1, 1, 1, 2, 4, 0, 2, 0], [0, 2, 0, 0, 0, 2, 0, 0, 0, 2, 0], [0, 3, 2, 2, 2, 2, 2, 2, 2, 2, 0], [0, 0, 0, 0, 0, 0, 0, 0, 0, 0, 0]]"
2026-05-23T18:23:46.925650,0,North,761.0,False,False,False,"[[0, 0, 0, 0, 0, 0, 0, 0, 0, 0, 0], [0, 2, 2, 2, 2, 1, 1, 1, 1, 1, 0], [0, 2, 0, 0, 0, 1, 0, 0, 0, 1, 0], [0, 2, 0, 1, 1, 1, 1, 1, 0, 1, 0], [0, 2, 2, 1, 0, 1, 0, 1, 1, 1, 0], [0, 0, 0, 1, 0, 1, 0, 2, 0, 0, 0], [0, 1, 1, 1, 1, 1, 2, 2, 2, 2, 0], [0, 1, 0, 1, 0, 0, 0, 2, 0, 2, 0], [0, 1, 0, 1, 0, 1, 0, 2, 0, 2, 0], [0, 1, 0, 1, 0, 1, 1, 2, 0, 2, 0], [0, 2, 0, 1, 0, 4, 1, 2, 0, 2, 0], [0, 2, 0, 1, 0, 1, 0, 2, 0, 2, 0], [0, 2, 0, 1, 0, 0, 0, 2, 0, 2, 0], [0, 2, 2, 1, 2, 1, 5, 2, 2, 2, 0], [0, 0, 0, 1, 0, 1, 0, 2, 0, 0, 0], [0, 2, 2, 1, 0, 1, 0, 4, 2, 2, 0], [0, 2, 0, 1, 1, 1, 2, 2, 0, 2, 0], [0, 2, 0, 0, 0, 2, 0, 0, 0, 2, 0], [0, 3, 2, 2, 2, 2, 2, 2, 2, 2, 0], [0, 0, 0, 0, 0, 0, 0, 0, 0, 0, 0]]"
2026-05-23T18:23:47.052043,0,North,770.0,False,False,False,"[[0, 0, 0, 0, 0, 0, 0, 0, 0, 0, 0], [0, 2, 2, 2, 2, 1, 1, 1, 1, 1, 0], [0, 2, 0, 0, 0, 1, 0, 0, 0, 1, 0], [0, 2, 0, 1, 1, 1, 1, 1, 0, 1, 0], [0, 2, 2, 1, 0, 1, 0, 1, 1, 1, 0], [0, 0, 0, 1, 0, 1, 0, 2, 0, 0, 0], [0, 1, 1, 1, 1, 1, 2, 2, 2, 2, 0], [0, 1, 0, 1, 0, 0, 0, 2, 0, 2, 0], [0, 1, 0, 1, 0, 1, 0, 2, 0, 2, 0], [0, 1, 0, 1, 0, 1, 1, 2, 0, 2, 0], [0, 2, 0, 1, 0, 1, 4, 2, 0, 2, 0], [0, 2, 0, 1, 0, 1, 0, 2, 0, 2, 0], [0, 2, 0, 1, 0, 0, 0, 2, 0, 2, 0], [0, 2, 2, 1, 2, 1, 1, 5, 2, 2, 0], [0, 0, 0, 1, 0, 1, 0, 4, 0, 0, 0], [0, 2, 2, 1, 0, 1, 0, 2, 2, 2, 0], [0, 2, 0, 1, 1, 1, 2, 2, 0, 2, 0], [0, 2, 0, 0, 0, 2, 0, 0, 0, 2, 0], [0, 3, 2, 2, 2, 2, 2, 2, 2, 2, 0], [0, 0, 0, 0, 0, 0, 0, 0, 0, 0, 0]]"
2026-05-23T18:23:47.175647,0,North,779.0,False,False,False,"[[0, 0, 0, 0, 0, 0, 0, 0, 0, 0, 0], [0, 2, 2, 2, 2, 1, 1, 1, 1, 1, 0], [0, 2, 0, 0, 0, 1, 0, 0, 0, 1, 0], [0, 2, 0, 1, 1, 1, 1, 1, 0, 1, 0], [0, 2, 2, 1, 0, 1, 0, 1, 1, 1, 0], [0, 0, 0, 1, 0, 1, 0, 2, 0, 0, 0], [0, 1, 1, 1, 1, 1, 2, 2, 2, 2, 0], [0, 1, 0, 1, 0, 0, 0, 2, 0, 2, 0], [0, 1, 0, 1, 0, 1, 0, 2, 0, 2, 0], [0, 1, 0, 1, 0, 1, 1, 2, 0, 2, 0], [0, 2, 0, 1, 0, 1, 1, 4, 0, 2, 0], [0, 2, 0, 1, 0, 1, 0, 2, 0, 2, 0], [0, 2, 0, 1, 0, 0, 0, 2, 0, 2, 0], [0, 2, 2, 1, 2, 1, 1, 4, 5, 2, 0], [0, 0, 0, 1, 0, 1, 0, 2, 0, 0, 0], [0, 2, 2, 1, 0, 1, 0, 2, 2, 2, 0], [0, 2, 0, 1, 1, 1, 2, 2, 0, 2, 0], [0, 2, 0, 0, 0, 2, 0, 0, 0, 2, 0], [0, 3, 2, 2, 2, 2, 2, 2, 2, 2, 0], [0, 0, 0, 0, 0, 0, 0, 0, 0, 0, 0]]"
2026-05-23T18:23:47.296150,0,West,788.0,False,False,False,"[[0, 0, 0, 0, 0, 0, 0, 0, 0, 0, 0], [0, 2, 2, 2, 2, 1, 1, 1, 1, 1, 0], [0, 2, 0, 0, 0, 1, 0, 0, 0, 1, 0], [0, 2, 0, 1, 1, 1, 1, 1, 0, 1, 0], [0, 2, 2, 1, 0, 1, 0, 1, 1, 1, 0], [0, 0, 0, 1, 0, 1, 0, 2, 0, 0, 0], [0, 1, 1, 1, 1, 1, 2, 2, 2, 2, 0], [0, 1, 0, 1, 0, 0, 0, 2, 0, 2, 0], [0, 1, 0, 1, 0, 1, 0, 2, 0, 2, 0], [0, 1, 0, 1, 0, 1, 1, 2, 0, 2, 0], [0, 2, 0, 1, 0, 1, 1, 2, 0, 2, 0], [0, 2, 0, 1, 0, 1, 0, 4, 0, 2, 0], [0, 2, 0, 1, 0, 0, 0, 2, 0, 2, 0], [0, 2, 2, 1, 2, 1, 1, 1, 4, 5, 0], [0, 0, 0, 1, 0, 1, 0, 2, 0, 0, 0], [0, 2, 2, 1, 0, 1, 0, 2, 2, 2, 0], [0, 2, 0, 1, 1, 1, 2, 2, 0, 2, 0], [0, 2, 0, 0, 0, 2, 0, 0, 0, 2, 0], [0, 3, 2, 2, 2, 2, 2, 2, 2, 2, 0], [0, 0, 0, 0, 0, 0, 0, 0, 0, 0, 0]]"
2026-05-23T18:23:47.413604,0,West,797.0,False,False,False,"[[0, 0, 0, 0, 0, 0, 0, 0, 0, 0, 0], [0, 2, 2, 2, 2, 1, 1, 1, 1, 1, 0], [0, 2, 0, 0, 0, 1, 0, 0, 0, 1, 0], [0, 2, 0, 1, 1, 1, 1, 1, 0, 1, 0], [0, 2, 2, 1, 0, 1, 0, 1, 1, 1, 0], [0, 0, 0, 1, 0, 1, 0, 2, 0, 0, 0], [0, 1, 1, 1, 1, 1, 2, 2, 2, 2, 0], [0, 1, 0, 1, 0, 0, 0, 2, 0, 2, 0], [0, 1, 0, 1, 0, 1, 0, 2, 0, 2, 0], [0, 1, 0, 1, 0, 1, 1, 2, 0, 2, 0], [0, 2, 0, 1, 0, 1, 1, 2, 0, 2, 0], [0, 2, 0, 1, 0, 1, 0, 2, 0, 2, 0], [0, 2, 0, 1, 0, 0, 0, 4, 0, 5, 0], [0, 2, 2, 1, 2, 1, 1, 1, 1, 4, 0], [0, 0, 0, 1, 0, 1, 0, 2, 0, 0, 0], [0, 2, 2, 1, 0, 1, 0, 2, 2, 2, 0], [0, 2, 0, 1, 1, 1, 2, 2, 0, 2, 0], [0, 2, 0, 0, 0, 2, 0, 0, 0, 2, 0], [0, 3, 2, 2, 2, 2, 2, 2, 2, 2, 0], [0, 0, 0, 0, 0, 0, 0, 0, 0, 0, 0]]"
2026-05-23T18:23:47.541548,0,West,806.0,False,False,False,"[[0, 0, 0, 0, 0, 0, 0, 0, 0, 0, 0], [0, 2, 2, 2, 2, 1, 1, 1, 1, 1, 0], [0, 2, 0, 0, 0, 1, 0, 0, 0, 1, 0], [0, 2, 0, 1, 1, 1, 1, 1, 0, 1, 0], [0, 2, 2, 1, 0, 1, 0, 1, 1, 1, 0], [0, 0, 0, 1, 0, 1, 0, 2, 0, 0, 0], [0, 1, 1, 1, 1, 1, 2, 2, 2, 2, 0], [0, 1, 0, 1, 0, 0, 0, 2, 0, 2, 0], [0, 1, 0, 1, 0, 1, 0, 2, 0, 2, 0], [0, 1, 0, 1, 0, 1, 1, 2, 0, 2, 0], [0, 2, 0, 1, 0, 1, 1, 2, 0, 2, 0], [0, 2, 0, 1, 0, 1, 0, 2, 0, 5, 0], [0, 2, 0, 1, 0, 0, 0, 2, 0, 4, 0], [0, 2, 2, 1, 2, 1, 1, 4, 1, 1, 0], [0, 0, 0, 1, 0, 1, 0, 2, 0, 0, 0], [0, 2, 2, 1, 0, 1, 0, 2, 2, 2, 0], [0, 2, 0, 1, 1, 1, 2, 2, 0, 2, 0], [0, 2, 0, 0, 0, 2, 0, 0, 0, 2, 0], [0, 3, 2, 2, 2, 2, 2, 2, 2, 2, 0], [0, 0, 0, 0, 0, 0, 0, 0, 0, 0, 0]]"
2026-05-23T18:23:47.661345,0,West,815.0,False,False,False,"[[0, 0, 0, 0, 0, 0, 0, 0, 0, 0, 0], [0, 2, 2, 2, 2, 1, 1, 1, 1, 1, 0], [0, 2, 0, 0, 0, 1, 0, 0, 0, 1, 0], [0, 2, 0, 1, 1, 1, 1, 1, 0, 1, 0], [0, 2, 2, 1, 0, 1, 0, 1, 1, 1, 0], [0, 0, 0, 1, 0, 1, 0, 2, 0, 0, 0], [0, 1, 1, 1, 1, 1, 2, 2, 2, 2, 0], [0, 1, 0, 1, 0, 0, 0, 2, 0, 2, 0], [0, 1, 0, 1, 0, 1, 0, 2, 0, 2, 0], [0, 1, 0, 1, 0, 1, 1, 2, 0, 2, 0], [0, 2, 0, 1, 0, 1, 1, 2, 0, 5, 0], [0, 2, 0, 1, 0, 1, 0, 2, 0, 4, 0], [0, 2, 0, 1, 0, 0, 0, 2, 0, 1, 0], [0, 2, 2, 1, 2, 1, 1, 1, 1, 1, 0], [0, 0, 0, 1, 0, 1, 0, 4, 0, 0, 0], [0, 2, 2, 1, 0, 1, 0, 2, 2, 2, 0], [0, 2, 0, 1, 1, 1, 2, 2, 0, 2, 0], [0, 2, 0, 0, 0, 2, 0, 0, 0, 2, 0], [0, 3, 2, 2, 2, 2, 2, 2, 2, 2, 0], [0, 0, 0, 0, 0, 0, 0, 0, 0, 0, 0]]"
2026-05-23T18:23:47.781323,0,West,824.0,False,False,False,"[[0, 0, 0, 0, 0, 0, 0, 0, 0, 0, 0], [0, 2, 2, 2, 2, 1, 1, 1, 1, 1, 0], [0, 2, 0, 0, 0, 1, 0, 0, 0, 1, 0], [0, 2, 0, 1, 1, 1, 1, 1, 0, 1, 0], [0, 2, 2, 1, 0, 1, 0, 1, 1, 1, 0], [0, 0, 0, 1, 0, 1, 0, 2, 0, 0, 0], [0, 1, 1, 1, 1, 1, 2, 2, 2, 2, 0], [0, 1, 0, 1, 0, 0, 0, 2, 0, 2, 0], [0, 1, 0, 1, 0, 1, 0, 2, 0, 2, 0], [0, 1, 0, 1, 0, 1, 1, 2, 0, 5, 0], [0, 2, 0, 1, 0, 1, 1, 2, 0, 4, 0], [0, 2, 0, 1, 0, 1, 0, 2, 0, 1, 0], [0, 2, 0, 1, 0, 0, 0, 2, 0, 1, 0], [0, 2, 2, 1, 2, 1, 1, 1, 1, 1, 0], [0, 0, 0, 1, 0, 1, 0, 2, 0, 0, 0], [0, 2, 2, 1, 0, 1, 0, 4, 2, 2, 0], [0, 2, 0, 1, 1, 1, 2, 2, 0, 2, 0], [0, 2, 0, 0, 0, 2, 0, 0, 0, 2, 0], [0, 3, 2, 2, 2, 2, 2, 2, 2, 2, 0], [0, 0, 0, 0, 0, 0, 0, 0, 0, 0, 0]]"
2026-05-23T18:23:47.898715,0,West,833.0,False,False,False,"[[0, 0, 0, 0, 0, 0, 0, 0, 0, 0, 0], [0, 2, 2, 2, 2, 1, 1, 1, 1, 1, 0], [0, 2, 0, 0, 0, 1, 0, 0, 0, 1, 0], [0, 2, 0, 1, 1, 1, 1, 1, 0, 1, 0], [0, 2, 2, 1, 0, 1, 0, 1, 1, 1, 0], [0, 0, 0, 1, 0, 1, 0, 2, 0, 0, 0], [0, 1, 1, 1, 1, 1, 2, 2, 2, 2, 0], [0, 1, 0, 1, 0, 0, 0, 2, 0, 2, 0], [0, 1, 0, 1, 0, 1, 0, 2, 0, 5, 0], [0, 1, 0, 1, 0, 1, 1, 2, 0, 4, 0], [0, 2, 0, 1, 0, 1, 1, 2, 0, 1, 0], [0, 2, 0, 1, 0, 1, 0, 2, 0, 1, 0], [0, 2, 0, 1, 0, 0, 0, 2, 0, 1, 0], [0, 2, 2, 1, 2, 1, 1, 1, 1, 1, 0], [0, 0, 0, 1, 0, 1, 0, 2, 0, 0, 0], [0, 2, 2, 1, 0, 1, 0, 2, 4, 2, 0], [0, 2, 0, 1, 1, 1, 2, 2, 0, 2, 0], [0, 2, 0, 0, 0, 2, 0, 0, 0, 2, 0], [0, 3, 2, 2, 2, 2, 2, 2, 2, 2, 0], [0, 0, 0, 0, 0, 0, 0, 0, 0, 0, 0]]"
2026-05-23T18:23:48.016156,0,West,842.0,False,False,False,"[[0, 0, 0, 0, 0, 0, 0, 0, 0, 0, 0], [0, 2, 2, 2, 2, 1, 1, 1, 1, 1, 0], [0, 2, 0, 0, 0, 1, 0, 0, 0, 1, 0], [0, 2, 0, 1, 1, 1, 1, 1, 0, 1, 0], [0, 2, 2, 1, 0, 1, 0, 1, 1, 1, 0], [0, 0, 0, 1, 0, 1, 0, 2, 0, 0, 0], [0, 1, 1, 1, 1, 1, 2, 2, 2, 2, 0], [0, 1, 0, 1, 0, 0, 0, 2, 0, 5, 0], [0, 1, 0, 1, 0, 1, 0, 2, 0, 4, 0], [0, 1, 0, 1, 0, 1, 1, 2, 0, 1, 0], [0, 2, 0, 1, 0, 1, 1, 2, 0, 1, 0], [0, 2, 0, 1, 0, 1, 0, 2, 0, 1, 0], [0, 2, 0, 1, 0, 0, 0, 2, 0, 1, 0], [0, 2, 2, 1, 2, 1, 1, 1, 1, 1, 0], [0, 0, 0, 1, 0, 1, 0, 2, 0, 0, 0], [0, 2, 2, 1, 0, 1, 0, 2, 2, 4, 0], [0, 2, 0, 1, 1, 1, 2, 2, 0, 2, 0], [0, 2, 0, 0, 0, 2, 0, 0, 0, 2, 0], [0, 3, 2, 2, 2, 2, 2, 2, 2, 2, 0], [0, 0, 0, 0, 0, 0, 0, 0, 0, 0, 0]]"
2026-05-23T18:23:48.132101,0,South,851.0,False,False,False,"[[0, 0, 0, 0, 0, 0, 0, 0, 0, 0, 0], [0, 2, 2, 2, 2, 1, 1, 1, 1, 1, 0], [0, 2, 0, 0, 0, 1, 0, 0, 0, 1, 0], [0, 2, 0, 1, 1, 1, 1, 1, 0, 1, 0], [0, 2, 2, 1, 0, 1, 0, 1, 1, 1, 0], [0, 0, 0, 1, 0, 1, 0, 2, 0, 0, 0], [0, 1, 1, 1, 1, 1, 2, 2, 2, 5, 0], [0, 1, 0, 1, 0, 0, 0, 2, 0, 4, 0], [0, 1, 0, 1, 0, 1, 0, 2, 0, 1, 0], [0, 1, 0, 1, 0, 1, 1, 2, 0, 1, 0], [0, 2, 0, 1, 0, 1, 1, 2, 0, 1, 0], [0, 2, 0, 1, 0, 1, 0, 2, 0, 1, 0], [0, 2, 0, 1, 0, 0, 0, 2, 0, 1, 0], [0, 2, 2, 1, 2, 1, 1, 1, 1, 1, 0], [0, 0, 0, 1, 0, 1, 0, 2, 0, 0, 0], [0, 2, 2, 1, 0, 1, 0, 2, 2, 2, 0], [0, 2, 0, 1, 1, 1, 2, 2, 0, 4, 0], [0, 2, 0, 0, 0, 2, 0, 0, 0, 2, 0], [0, 3, 2, 2, 2, 2, 2, 2, 2, 2, 0], [0, 0, 0, 0, 0, 0, 0, 0, 0, 0, 0]]"
2026-05-23T18:23:48.248626,0,South,860.0,False,False,False,"[[0, 0, 0, 0, 0, 0, 0, 0, 0, 0, 0], [0, 2, 2, 2, 2, 1, 1, 1, 1, 1, 0], [0, 2, 0, 0, 0, 1, 0, 0, 0, 1, 0], [0, 2, 0, 1, 1, 1, 1, 1, 0, 1, 0], [0, 2, 2, 1, 0, 1, 0, 1, 1, 1, 0], [0, 0, 0, 1, 0, 1, 0, 2, 0, 0, 0], [0, 1, 1, 1, 1, 1, 2, 2, 5, 4, 0], [0, 1, 0, 1, 0, 0, 0, 2, 0, 1, 0], [0, 1, 0, 1, 0, 1, 0, 2, 0, 1, 0], [0, 1, 0, 1, 0, 1, 1, 2, 0, 1, 0], [0, 2, 0, 1, 0, 1, 1, 2, 0, 1, 0], [0, 2, 0, 1, 0, 1, 0, 2, 0, 1, 0], [0, 2, 0, 1, 0, 0, 0, 2, 0, 1, 0], [0, 2, 2, 1, 2, 1, 1, 1, 1, 1, 0], [0, 0, 0, 1, 0, 1, 0, 2, 0, 0, 0], [0, 2, 2, 1, 0, 1, 0, 2, 2, 2, 0], [0, 2, 0, 1, 1, 1, 2, 2, 0, 2, 0], [0, 2, 0, 0, 0, 2, 0, 0, 0, 4, 0], [0, 3, 2, 2, 2, 2, 2, 2, 2, 2, 0], [0, 0, 0, 0, 0, 0, 0, 0, 0, 0, 0]]"
2026-05-23T18:23:48.368784,0,East,869.0,False,False,False,"[[0, 0, 0, 0, 0, 0, 0, 0, 0, 0, 0], [0, 2, 2, 2, 2, 1, 1, 1, 1, 1, 0], [0, 2, 0, 0, 0, 1, 0, 0, 0, 1, 0], [0, 2, 0, 1, 1, 1, 1, 1, 0, 1, 0], [0, 2, 2, 1, 0, 1, 0, 1, 1, 1, 0], [0, 0, 0, 1, 0, 1, 0, 2, 0, 0, 0], [0, 1, 1, 1, 1, 1, 2, 5, 4, 1, 0], [0, 1, 0, 1, 0, 0, 0, 2, 0, 1, 0], [0, 1, 0, 1, 0, 1, 0, 2, 0, 1, 0], [0, 1, 0, 1, 0, 1, 1, 2, 0, 1, 0], [0, 2, 0, 1, 0, 1, 1, 2, 0, 1, 0], [0, 2, 0, 1, 0, 1, 0, 2, 0, 1, 0], [0, 2, 0, 1, 0, 0, 0, 2, 0, 1, 0], [0, 2, 2, 1, 2, 1, 1, 1, 1, 1, 0], [0, 0, 0, 1, 0, 1, 0, 2, 0, 0, 0], [0, 2, 2, 1, 0, 1, 0, 2, 2, 2, 0], [0, 2, 0, 1, 1, 1, 2, 2, 0, 2, 0], [0, 2, 0, 0, 0, 2, 0, 0, 0, 2, 0], [0, 3, 2, 2, 2, 2, 2, 2, 2, 4, 0], [0, 0, 0, 0, 0, 0, 0, 0, 0, 0, 0]]"
2026-05-23T18:23:48.489127,0,East,878.0,False,False,False,"[[0, 0, 0, 0, 0, 0, 0, 0, 0, 0, 0], [0, 2, 2, 2, 2, 1, 1, 1, 1, 1, 0], [0, 2, 0, 0, 0, 1, 0, 0, 0, 1, 0], [0, 2, 0, 1, 1, 1, 1, 1, 0, 1, 0], [0, 2, 2, 1, 0, 1, 0, 1, 1, 1, 0], [0, 0, 0, 1, 0, 1, 0, 2, 0, 0, 0], [0, 1, 1, 1, 1, 1, 2, 4, 1, 1, 0], [0, 1, 0, 1, 0, 0, 0, 5, 0, 1, 0], [0, 1, 0, 1, 0, 1, 0, 2, 0, 1, 0], [0, 1, 0, 1, 0, 1, 1, 2, 0, 1, 0], [0, 2, 0, 1, 0, 1, 1, 2, 0, 1, 0], [0, 2, 0, 1, 0, 1, 0, 2, 0, 1, 0], [0, 2, 0, 1, 0, 0, 0, 2, 0, 1, 0], [0, 2, 2, 1, 2, 1, 1, 1, 1, 1, 0], [0, 0, 0, 1, 0, 1, 0, 2, 0, 0, 0], [0, 2, 2, 1, 0, 1, 0, 2, 2, 2, 0], [0, 2, 0, 1, 1, 1, 2, 2, 0, 2, 0], [0, 2, 0, 0, 0, 2, 0, 0, 0, 2, 0], [0, 3, 2, 2, 2, 2, 2, 2, 4, 2, 0], [0, 0, 0, 0, 0, 0, 0, 0, 0, 0, 0]]"
2026-05-23T18:23:48.605053,0,East,887.0,False,False,False,"[[0, 0, 0, 0, 0, 0, 0, 0, 0, 0, 0], [0, 2, 2, 2, 2, 1, 1, 1, 1, 1, 0], [0, 2, 0, 0, 0, 1, 0, 0, 0, 1, 0], [0, 2, 0, 1, 1, 1, 1, 1, 0, 1, 0], [0, 2, 2, 1, 0, 1, 0, 1, 1, 1, 0], [0, 0, 0, 1, 0, 1, 0, 2, 0, 0, 0], [0, 1, 1, 1, 1, 1, 2, 1, 1, 1, 0], [0, 1, 0, 1, 0, 0, 0, 4, 0, 1, 0], [0, 1, 0, 1, 0, 1, 0, 5, 0, 1, 0], [0, 1, 0, 1, 0, 1, 1, 2, 0, 1, 0], [0, 2, 0, 1, 0, 1, 1, 2, 0, 1, 0], [0, 2, 0, 1, 0, 1, 0, 2, 0, 1, 0], [0, 2, 0, 1, 0, 0, 0, 2, 0, 1, 0], [0, 2, 2, 1, 2, 1, 1, 1, 1, 1, 0], [0, 0, 0, 1, 0, 1, 0, 2, 0, 0, 0], [0, 2, 2, 1, 0, 1, 0, 2, 2, 2, 0], [0, 2, 0, 1, 1, 1, 2, 2, 0, 2, 0], [0, 2, 0, 0, 0, 2, 0, 0, 0, 2, 0], [0, 3, 2, 2, 2, 2, 2, 4, 2, 2, 0], [0, 0, 0, 0, 0, 0, 0, 0, 0, 0, 0]]"
2026-05-23T18:23:48.717246,0,East,896.0,False,False,False,"[[0, 0, 0, 0, 0, 0, 0, 0, 0, 0, 0], [0, 2, 2, 2, 2, 1, 1, 1, 1, 1, 0], [0, 2, 0, 0, 0, 1, 0, 0, 0, 1, 0], [0, 2, 0, 1, 1, 1, 1, 1, 0, 1, 0], [0, 2, 2, 1, 0, 1, 0, 1, 1, 1, 0], [0, 0, 0, 1, 0, 1, 0, 2, 0, 0, 0], [0, 1, 1, 1, 1, 1, 2, 1, 1, 1, 0], [0, 1, 0, 1, 0, 0, 0, 1, 0, 1, 0], [0, 1, 0, 1, 0, 1, 0, 4, 0, 1, 0], [0, 1, 0, 1, 0, 1, 1, 5, 0, 1, 0], [0, 2, 0, 1, 0, 1, 1, 2, 0, 1, 0], [0, 2, 0, 1, 0, 1, 0, 2, 0, 1, 0], [0, 2, 0, 1, 0, 0, 0, 2, 0, 1, 0], [0, 2, 2, 1, 2, 1, 1, 1, 1, 1, 0], [0, 0, 0, 1, 0, 1, 0, 2, 0, 0, 0], [0, 2, 2, 1, 0, 1, 0, 2, 2, 2, 0], [0, 2, 0, 1, 1, 1, 2, 2, 0, 2, 0], [0, 2, 0, 0, 0, 2, 0, 0, 0, 2, 0], [0, 3, 2, 2, 2, 2, 4, 2, 2, 2, 0], [0, 0, 0, 0, 0, 0, 0, 0, 0, 0, 0]]"
2026-05-23T18:23:48.832150,0,East,905.0,False,False,False,"[[0, 0, 0, 0, 0, 0, 0, 0, 0, 0, 0], [0, 2, 2, 2, 2, 1, 1, 1, 1, 1, 0], [0, 2, 0, 0, 0, 1, 0, 0, 0, 1, 0], [0, 2, 0, 1, 1, 1, 1, 1, 0, 1, 0], [0, 2, 2, 1, 0, 1, 0, 1, 1, 1, 0], [0, 0, 0, 1, 0, 1, 0, 2, 0, 0, 0], [0, 1, 1, 1, 1, 1, 2, 1, 1, 1, 0], [0, 1, 0, 1, 0, 0, 0, 1, 0, 1, 0], [0, 1, 0, 1, 0, 1, 0, 1, 0, 1, 0], [0, 1, 0, 1, 0, 1, 1, 4, 0, 1, 0], [0, 2, 0, 1, 0, 1, 1, 5, 0, 1, 0], [0, 2, 0, 1, 0, 1, 0, 2, 0, 1, 0], [0, 2, 0, 1, 0, 0, 0, 2, 0, 1, 0], [0, 2, 2, 1, 2, 1, 1, 1, 1, 1, 0], [0, 0, 0, 1, 0, 1, 0, 2, 0, 0, 0], [0, 2, 2, 1, 0, 1, 0, 2, 2, 2, 0], [0, 2, 0, 1, 1, 1, 2, 2, 0, 2, 0], [0, 2, 0, 0, 0, 2, 0, 0, 0, 2, 0], [0, 3, 2, 2, 2, 4, 2, 2, 2, 2, 0], [0, 0, 0, 0, 0, 0, 0, 0, 0, 0, 0]]"
2026-05-23T18:23:48.948179,0,East,914.0,False,False,False,"[[0, 0, 0, 0, 0, 0, 0, 0, 0, 0, 0], [0, 2, 2, 2, 2, 1, 1, 1, 1, 1, 0], [0, 2, 0, 0, 0, 1, 0, 0, 0, 1, 0], [0, 2, 0, 1, 1, 1, 1, 1, 0, 1, 0], [0, 2, 2, 1, 0, 1, 0, 1, 1, 1, 0], [0, 0, 0, 1, 0, 1, 0, 2, 0, 0, 0], [0, 1, 1, 1, 1, 1, 2, 1, 1, 1, 0], [0, 1, 0, 1, 0, 0, 0, 1, 0, 1, 0], [0, 1, 0, 1, 0, 1, 0, 1, 0, 1, 0], [0, 1, 0, 1, 0, 1, 1, 1, 0, 1, 0], [0, 2, 0, 1, 0, 1, 1, 4, 0, 1, 0], [0, 2, 0, 1, 0, 1, 0, 5, 0, 1, 0], [0, 2, 0, 1, 0, 0, 0, 2, 0, 1, 0], [0, 2, 2, 1, 2, 1, 1, 1, 1, 1, 0], [0, 0, 0, 1, 0, 1, 0, 2, 0, 0, 0], [0, 2, 2, 1, 0, 1, 0, 2, 2, 2, 0], [0, 2, 0, 1, 1, 1, 2, 2, 0, 2, 0], [0, 2, 0, 0, 0, 4, 0, 0, 0, 2, 0], [0, 3, 2, 2, 2, 2, 2, 2, 2, 2, 0], [0, 0, 0, 0, 0, 0, 0, 0, 0, 0, 0]]"
2026-05-23T18:23:49.065844,0,East,923.0,False,False,False,"[[0, 0, 0, 0, 0, 0, 0, 0, 0, 0, 0], [0, 2, 2, 2, 2, 1, 1, 1, 1, 1, 0], [0, 2, 0, 0, 0, 1, 0, 0, 0, 1, 0], [0, 2, 0, 1, 1, 1, 1, 1, 0, 1, 0], [0, 2, 2, 1, 0, 1, 0, 1, 1, 1, 0], [0, 0, 0, 1, 0, 1, 0, 2, 0, 0, 0], [0, 1, 1, 1, 1, 1, 2, 1, 1, 1, 0], [0, 1, 0, 1, 0, 0, 0, 1, 0, 1, 0], [0, 1, 0, 1, 0, 1, 0, 1, 0, 1, 0], [0, 1, 0, 1, 0, 1, 1, 1, 0, 1, 0], [0, 2, 0, 1, 0, 1, 1, 1, 0, 1, 0], [0, 2, 0, 1, 0, 1, 0, 4, 0, 1, 0], [0, 2, 0, 1, 0, 0, 0, 5, 0, 1, 0], [0, 2, 2, 1, 2, 1, 1, 1, 1, 1, 0], [0, 0, 0, 1, 0, 1, 0, 2, 0, 0, 0], [0, 2, 2, 1, 0, 1, 0, 2, 2, 2, 0], [0, 2, 0, 1, 1, 4, 2, 2, 0, 2, 0], [0, 2, 0, 0, 0, 2, 0, 0, 0, 2, 0], [0, 3, 2, 2, 2, 2, 2, 2, 2, 2, 0], [0, 0, 0, 0, 0, 0, 0, 0, 0, 0, 0]]"
2026-05-23T18:23:49.183786,0,East,922.0,False,False,False,"[[0, 0, 0, 0, 0, 0, 0, 0, 0, 0, 0], [0, 2, 2, 2, 2, 1, 1, 1, 1, 1, 0], [0, 2, 0, 0, 0, 1, 0, 0, 0, 1, 0], [0, 2, 0, 1, 1, 1, 1, 1, 0, 1, 0], [0, 2, 2, 1, 0, 1, 0, 1, 1, 1, 0], [0, 0, 0, 1, 0, 1, 0, 2, 0, 0, 0], [0, 1, 1, 1, 1, 1, 2, 1, 1, 1, 0], [0, 1, 0, 1, 0, 0, 0, 1, 0, 1, 0], [0, 1, 0, 1, 0, 1, 0, 1, 0, 1, 0], [0, 1, 0, 1, 0, 1, 1, 1, 0, 1, 0], [0, 2, 0, 1, 0, 1, 1, 1, 0, 1, 0], [0, 2, 0, 1, 0, 1, 0, 1, 0, 1, 0], [0, 2, 0, 1, 0, 0, 0, 4, 0, 1, 0], [0, 2, 2, 1, 2, 1, 1, 5, 1, 1, 0], [0, 0, 0, 1, 0, 1, 0, 2, 0, 0, 0], [0, 2, 2, 1, 0, 4, 0, 2, 2, 2, 0], [0, 2, 0, 1, 1, 1, 2, 2, 0, 2, 0], [0, 2, 0, 0, 0, 2, 0, 0, 0, 2, 0], [0, 3, 2, 2, 2, 2, 2, 2, 2, 2, 0], [0, 0, 0, 0, 0, 0, 0, 0, 0, 0, 0]]"
2026-05-23T18:23:49.303461,0,East,931.0,False,False,False,"[[0, 0, 0, 0, 0, 0, 0, 0, 0, 0, 0], [0, 2, 2, 2, 2, 1, 1, 1, 1, 1, 0], [0, 2, 0, 0, 0, 1, 0, 0, 0, 1, 0], [0, 2, 0, 1, 1, 1, 1, 1, 0, 1, 0], [0, 2, 2, 1, 0, 1, 0, 1, 1, 1, 0], [0, 0, 0, 1, 0, 1, 0, 2, 0, 0, 0], [0, 1, 1, 1, 1, 1, 2, 1, 1, 1, 0], [0, 1, 0, 1, 0, 0, 0, 1, 0, 1, 0], [0, 1, 0, 1, 0, 1, 0, 1, 0, 1, 0], [0, 1, 0, 1, 0, 1, 1, 1, 0, 1, 0], [0, 2, 0, 1, 0, 1, 1, 1, 0, 1, 0], [0, 2, 0, 1, 0, 1, 0, 1, 0, 1, 0], [0, 2, 0, 1, 0, 0, 0, 1, 0, 1, 0], [0, 2, 2, 1, 2, 1, 1, 4, 1, 1, 0], [0, 0, 0, 1, 0, 4, 0, 5, 0, 0, 0], [0, 2, 2, 1, 0, 1, 0, 2, 2, 2, 0], [0, 2, 0, 1, 1, 1, 2, 2, 0, 2, 0], [0, 2, 0, 0, 0, 2, 0, 0, 0, 2, 0], [0, 3, 2, 2, 2, 2, 2, 2, 2, 2, 0], [0, 0, 0, 0, 0, 0, 0, 0, 0, 0, 0]]"
2026-05-23T18:23:49.426654,0,East,940.0,False,False,False,"[[0, 0, 0, 0, 0, 0, 0, 0, 0, 0, 0], [0, 2, 2, 2, 2, 1, 1, 1, 1, 1, 0], [0, 2, 0, 0, 0, 1, 0, 0, 0, 1, 0], [0, 2, 0, 1, 1, 1, 1, 1, 0, 1, 0], [0, 2, 2, 1, 0, 1, 0, 1, 1, 1, 0], [0, 0, 0, 1, 0, 1, 0, 2, 0, 0, 0], [0, 1, 1, 1, 1, 1, 2, 1, 1, 1, 0], [0, 1, 0, 1, 0, 0, 0, 1, 0, 1, 0], [0, 1, 0, 1, 0, 1, 0, 1, 0, 1, 0], [0, 1, 0, 1, 0, 1, 1, 1, 0, 1, 0], [0, 2, 0, 1, 0, 1, 1, 1, 0, 1, 0], [0, 2, 0, 1, 0, 1, 0, 1, 0, 1, 0], [0, 2, 0, 1, 0, 0, 0, 1, 0, 1, 0], [0, 2, 2, 1, 2, 4, 1, 1, 1, 1, 0], [0, 0, 0, 1, 0, 1, 0, 4, 0, 0, 0], [0, 2, 2, 1, 0, 1, 0, 5, 2, 2, 0], [0, 2, 0, 1, 1, 1, 2, 2, 0, 2, 0], [0, 2, 0, 0, 0, 2, 0, 0, 0, 2, 0], [0, 3, 2, 2, 2, 2, 2, 2, 2, 2, 0], [0, 0, 0, 0, 0, 0, 0, 0, 0, 0, 0]]"
2026-05-23T18:23:49.543944,0,South,949.0,False,False,False,"[[0, 0, 0, 0, 0, 0, 0, 0, 0, 0, 0], [0, 2, 2, 2, 2, 1, 1, 1, 1, 1, 0], [0, 2, 0, 0, 0, 1, 0, 0, 0, 1, 0], [0, 2, 0, 1, 1, 1, 1, 1, 0, 1, 0], [0, 2, 2, 1, 0, 1, 0, 1, 1, 1, 0], [0, 0, 0, 1, 0, 1, 0, 2, 0, 0, 0], [0, 1, 1, 1, 1, 1, 2, 1, 1, 1, 0], [0, 1, 0, 1, 0, 0, 0, 1, 0, 1, 0], [0, 1, 0, 1, 0, 1, 0, 1, 0, 1, 0], [0, 1, 0, 1, 0, 1, 1, 1, 0, 1, 0], [0, 2, 0, 1, 0, 1, 1, 1, 0, 1, 0], [0, 2, 0, 1, 0, 1, 0, 1, 0, 1, 0], [0, 2, 0, 1, 0, 0, 0, 1, 0, 1, 0], [0, 2, 2, 1, 2, 1, 4, 1, 1, 1, 0], [0, 0, 0, 1, 0, 1, 0, 1, 0, 0, 0], [0, 2, 2, 1, 0, 1, 0, 4, 2, 2, 0], [0, 2, 0, 1, 1, 1, 2, 5, 0, 2, 0], [0, 2, 0, 0, 0, 2, 0, 0, 0, 2, 0], [0, 3, 2, 2, 2, 2, 2, 2, 2, 2, 0], [0, 0, 0, 0, 0, 0, 0, 0, 0, 0, 0]]"
2026-05-23T18:23:49.665081,0,South,958.0,False,False,False,"[[0, 0, 0, 0, 0, 0, 0, 0, 0, 0, 0], [0, 2, 2, 2, 2, 1, 1, 1, 1, 1, 0], [0, 2, 0, 0, 0, 1, 0, 0, 0, 1, 0], [0, 2, 0, 1, 1, 1, 1, 1, 0, 1, 0], [0, 2, 2, 1, 0, 1, 0, 1, 1, 1, 0], [0, 0, 0, 1, 0, 1, 0, 2, 0, 0, 0], [0, 1, 1, 1, 1, 1, 2, 1, 1, 1, 0], [0, 1, 0, 1, 0, 0, 0, 1, 0, 1, 0], [0, 1, 0, 1, 0, 1, 0, 1, 0, 1, 0], [0, 1, 0, 1, 0, 1, 1, 1, 0, 1, 0], [0, 2, 0, 1, 0, 1, 1, 1, 0, 1, 0], [0, 2, 0, 1, 0, 1, 0, 1, 0, 1, 0], [0, 2, 0, 1, 0, 0, 0, 1, 0, 1, 0], [0, 2, 2, 1, 2, 1, 1, 4, 1, 1, 0], [0, 0, 0, 1, 0, 1, 0, 1, 0, 0, 0], [0, 2, 2, 1, 0, 1, 0, 1, 2, 2, 0], [0, 2, 0, 1, 1, 1, 5, 4, 0, 2, 0], [0, 2, 0, 0, 0, 2, 0, 0, 0, 2, 0], [0, 3, 2, 2, 2, 2, 2, 2, 2, 2, 0], [0, 0, 0, 0, 0, 0, 0, 0, 0, 0, 0]]"
2026-05-23T18:23:49.785298,0,East,957.0,False,False,False,"[[0, 0, 0, 0, 0, 0, 0, 0, 0, 0, 0], [0, 2, 2, 2, 2, 1, 1, 1, 1, 1, 0], [0, 2, 0, 0, 0, 1, 0, 0, 0, 1, 0], [0, 2, 0, 1, 1, 1, 1, 1, 0, 1, 0], [0, 2, 2, 1, 0, 1, 0, 1, 1, 1, 0], [0, 0, 0, 1, 0, 1, 0, 2, 0, 0, 0], [0, 1, 1, 1, 1, 1, 2, 1, 1, 1, 0], [0, 1, 0, 1, 0, 0, 0, 1, 0, 1, 0], [0, 1, 0, 1, 0, 1, 0, 1, 0, 1, 0], [0, 1, 0, 1, 0, 1, 1, 1, 0, 1, 0], [0, 2, 0, 1, 0, 1, 1, 1, 0, 1, 0], [0, 2, 0, 1, 0, 1, 0, 1, 0, 1, 0], [0, 2, 0, 1, 0, 0, 0, 1, 0, 1, 0], [0, 2, 2, 1, 2, 1, 1, 1, 1, 1, 0], [0, 0, 0, 1, 0, 1, 0, 4, 0, 0, 0], [0, 2, 2, 1, 0, 1, 0, 1, 2, 2, 0], [0, 2, 0, 1, 1, 5, 4, 1, 0, 2, 0], [0, 2, 0, 0, 0, 2, 0, 0, 0, 2, 0], [0, 3, 2, 2, 2, 2, 2, 2, 2, 2, 0], [0, 0, 0, 0, 0, 0, 0, 0, 0, 0, 0]]"
2026-05-23T18:23:49.910421,0,East,966.0,False,False,False,"[[0, 0, 0, 0, 0, 0, 0, 0, 0, 0, 0], [0, 2, 2, 2, 2, 1, 1, 1, 1, 1, 0], [0, 2, 0, 0, 0, 1, 0, 0, 0, 1, 0], [0, 2, 0, 1, 1, 1, 1, 1, 0, 1, 0], [0, 2, 2, 1, 0, 1, 0, 1, 1, 1, 0], [0, 0, 0, 1, 0, 1, 0, 2, 0, 0, 0], [0, 1, 1, 1, 1, 1, 2, 1, 1, 1, 0], [0, 1, 0, 1, 0, 0, 0, 1, 0, 1, 0], [0, 1, 0, 1, 0, 1, 0, 1, 0, 1, 0], [0, 1, 0, 1, 0, 1, 1, 1, 0, 1, 0], [0, 2, 0, 1, 0, 1, 1, 1, 0, 1, 0], [0, 2, 0, 1, 0, 1, 0, 1, 0, 1, 0], [0, 2, 0, 1, 0, 0, 0, 1, 0, 1, 0], [0, 2, 2, 1, 2, 1, 1, 1, 1, 1, 0], [0, 0, 0, 1, 0, 1, 0, 1, 0, 0, 0], [0, 2, 2, 1, 0, 1, 0, 4, 2, 2, 0], [0, 2, 0, 1, 1, 4, 1, 1, 0, 2, 0], [0, 2, 0, 0, 0, 5, 0, 0, 0, 2, 0], [0, 3, 2, 2, 2, 2, 2, 2, 2, 2, 0], [0, 0, 0, 0, 0, 0, 0, 0, 0, 0, 0]]"
2026-05-23T18:23:50.027974,0,North,975.0,False,False,False,"[[0, 0, 0, 0, 0, 0, 0, 0, 0, 0, 0], [0, 2, 2, 2, 2, 1, 1, 1, 1, 1, 0], [0, 2, 0, 0, 0, 1, 0, 0, 0, 1, 0], [0, 2, 0, 1, 1, 1, 1, 1, 0, 1, 0], [0, 2, 2, 1, 0, 1, 0, 1, 1, 1, 0], [0, 0, 0, 1, 0, 1, 0, 2, 0, 0, 0], [0, 1, 1, 1, 1, 1, 2, 1, 1, 1, 0], [0, 1, 0, 1, 0, 0, 0, 1, 0, 1, 0], [0, 1, 0, 1, 0, 1, 0, 1, 0, 1, 0], [0, 1, 0, 1, 0, 1, 1, 1, 0, 1, 0], [0, 2, 0, 1, 0, 1, 1, 1, 0, 1, 0], [0, 2, 0, 1, 0, 1, 0, 1, 0, 1, 0], [0, 2, 0, 1, 0, 0, 0, 1, 0, 1, 0], [0, 2, 2, 1, 2, 1, 1, 1, 1, 1, 0], [0, 0, 0, 1, 0, 1, 0, 1, 0, 0, 0], [0, 2, 2, 1, 0, 1, 0, 1, 2, 2, 0], [0, 2, 0, 1, 1, 1, 1, 4, 0, 2, 0], [0, 2, 0, 0, 0, 4, 0, 0, 0, 2, 0], [0, 3, 2, 2, 2, 5, 2, 2, 2, 2, 0], [0, 0, 0, 0, 0, 0, 0, 0, 0, 0, 0]]"
2026-05-23T18:23:50.149353,0,North,984.0,False,False,False,"[[0, 0, 0, 0, 0, 0, 0, 0, 0, 0, 0], [0, 2, 2, 2, 2, 1, 1, 1, 1, 1, 0], [0, 2, 0, 0, 0, 1, 0, 0, 0, 1, 0], [0, 2, 0, 1, 1, 1, 1, 1, 0, 1, 0], [0, 2, 2, 1, 0, 1, 0, 1, 1, 1, 0], [0, 0, 0, 1, 0, 1, 0, 2, 0, 0, 0], [0, 1, 1, 1, 1, 1, 2, 1, 1, 1, 0], [0, 1, 0, 1, 0, 0, 0, 1, 0, 1, 0], [0, 1, 0, 1, 0, 1, 0, 1, 0, 1, 0], [0, 1, 0, 1, 0, 1, 1, 1, 0, 1, 0], [0, 2, 0, 1, 0, 1, 1, 1, 0, 1, 0], [0, 2, 0, 1, 0, 1, 0, 1, 0, 1, 0], [0, 2, 0, 1, 0, 0, 0, 1, 0, 1, 0], [0, 2, 2, 1, 2, 1, 1, 1, 1, 1, 0], [0, 0, 0, 1, 0, 1, 0, 1, 0, 0, 0], [0, 2, 2, 1, 0, 1, 0, 1, 2, 2, 0], [0, 2, 0, 1, 1, 1, 4, 1, 0, 2, 0], [0, 2, 0, 0, 0, 1, 0, 0, 0, 2, 0], [0, 3, 2, 2, 2, 4, 5, 2, 2, 2, 0], [0, 0, 0, 0, 0, 0, 0, 0, 0, 0, 0]]"
2026-05-23T18:23:50.267767,0,North,993.0,False,False,False,"[[0, 0, 0, 0, 0, 0, 0, 0, 0, 0, 0], [0, 2, 2, 2, 2, 1, 1, 1, 1, 1, 0], [0, 2, 0, 0, 0, 1, 0, 0, 0, 1, 0], [0, 2, 0, 1, 1, 1, 1, 1, 0, 1, 0], [0, 2, 2, 1, 0, 1, 0, 1, 1, 1, 0], [0, 0, 0, 1, 0, 1, 0, 2, 0, 0, 0], [0, 1, 1, 1, 1, 1, 2, 1, 1, 1, 0], [0, 1, 0, 1, 0, 0, 0, 1, 0, 1, 0], [0, 1, 0, 1, 0, 1, 0, 1, 0, 1, 0], [0, 1, 0, 1, 0, 1, 1, 1, 0, 1, 0], [0, 2, 0, 1, 0, 1, 1, 1, 0, 1, 0], [0, 2, 0, 1, 0, 1, 0, 1, 0, 1, 0], [0, 2, 0, 1, 0, 0, 0, 1, 0, 1, 0], [0, 2, 2, 1, 2, 1, 1, 1, 1, 1, 0], [0, 0, 0, 1, 0, 1, 0, 1, 0, 0, 0], [0, 2, 2, 1, 0, 1, 0, 1, 2, 2, 0], [0, 2, 0, 1, 1, 4, 1, 1, 0, 2, 0], [0, 2, 0, 0, 0, 1, 0, 0, 0, 2, 0], [0, 3, 2, 2, 2, 1, 4, 5, 2, 2, 0], [0, 0, 0, 0, 0, 0, 0, 0, 0, 0, 0]]"
2026-05-23T18:23:50.384644,0,North,1002.0,False,False,False,"[[0, 0, 0, 0, 0, 0, 0, 0, 0, 0, 0], [0, 2, 2, 2, 2, 1, 1, 1, 1, 1, 0], [0, 2, 0, 0, 0, 1, 0, 0, 0, 1, 0], [0, 2, 0, 1, 1, 1, 1, 1, 0, 1, 0], [0, 2, 2, 1, 0, 1, 0, 1, 1, 1, 0], [0, 0, 0, 1, 0, 1, 0, 2, 0, 0, 0], [0, 1, 1, 1, 1, 1, 2, 1, 1, 1, 0], [0, 1, 0, 1, 0, 0, 0, 1, 0, 1, 0], [0, 1, 0, 1, 0, 1, 0, 1, 0, 1, 0], [0, 1, 0, 1, 0, 1, 1, 1, 0, 1, 0], [0, 2, 0, 1, 0, 1, 1, 1, 0, 1, 0], [0, 2, 0, 1, 0, 1, 0, 1, 0, 1, 0], [0, 2, 0, 1, 0, 0, 0, 1, 0, 1, 0], [0, 2, 2, 1, 2, 1, 1, 1, 1, 1, 0], [0, 0, 0, 1, 0, 1, 0, 1, 0, 0, 0], [0, 2, 2, 1, 0, 1, 0, 1, 2, 2, 0], [0, 2, 0, 1, 1, 1, 1, 1, 0, 2, 0], [0, 2, 0, 0, 0, 4, 0, 0, 0, 2, 0], [0, 3, 2, 2, 2, 1, 1, 4, 5, 2, 0], [0, 0, 0, 0, 0, 0, 0, 0, 0, 0, 0]]"
2026-05-23T18:23:50.504417,0,West,1011.0,False,False,False,"[[0, 0, 0, 0, 0, 0, 0, 0, 0, 0, 0], [0, 2, 2, 2, 2, 1, 1, 1, 1, 1, 0], [0, 2, 0, 0, 0, 1, 0, 0, 0, 1, 0], [0, 2, 0, 1, 1, 1, 1, 1, 0, 1, 0], [0, 2, 2, 1, 0, 1, 0, 1, 1, 1, 0], [0, 0, 0, 1, 0, 1, 0, 2, 0, 0, 0], [0, 1, 1, 1, 1, 1, 2, 1, 1, 1, 0], [0, 1, 0, 1, 0, 0, 0, 1, 0, 1, 0], [0, 1, 0, 1, 0, 1, 0, 1, 0, 1, 0], [0, 1, 0, 1, 0, 1, 1, 1, 0, 1, 0], [0, 2, 0, 1, 0, 1, 1, 1, 0, 1, 0], [0, 2, 0, 1, 0, 1, 0, 1, 0, 1, 0], [0, 2, 0, 1, 0, 0, 0, 1, 0, 1, 0], [0, 2, 2, 1, 2, 1, 1, 1, 1, 1, 0], [0, 0, 0, 1, 0, 1, 0, 1, 0, 0, 0], [0, 2, 2, 1, 0, 1, 0, 1, 2, 2, 0], [0, 2, 0, 1, 1, 1, 1, 1, 0, 2, 0], [0, 2, 0, 0, 0, 1, 0, 0, 0, 2, 0], [0, 3, 2, 2, 2, 4, 1, 1, 4, 5, 0], [0, 0, 0, 0, 0, 0, 0, 0, 0, 0, 0]]"
2026-05-23T18:23:50.630918,0,West,1020.0,False,False,False,"[[0, 0, 0, 0, 0, 0, 0, 0, 0, 0, 0], [0, 2, 2, 2, 2, 1, 1, 1, 1, 1, 0], [0, 2, 0, 0, 0, 1, 0, 0, 0, 1, 0], [0, 2, 0, 1, 1, 1, 1, 1, 0, 1, 0], [0, 2, 2, 1, 0, 1, 0, 1, 1, 1, 0], [0, 0, 0, 1, 0, 1, 0, 2, 0, 0, 0], [0, 1, 1, 1, 1, 1, 2, 1, 1, 1, 0], [0, 1, 0, 1, 0, 0, 0, 1, 0, 1, 0], [0, 1, 0, 1, 0, 1, 0, 1, 0, 1, 0], [0, 1, 0, 1, 0, 1, 1, 1, 0, 1, 0], [0, 2, 0, 1, 0, 1, 1, 1, 0, 1, 0], [0, 2, 0, 1, 0, 1, 0, 1, 0, 1, 0], [0, 2, 0, 1, 0, 0, 0, 1, 0, 1, 0], [0, 2, 2, 1, 2, 1, 1, 1, 1, 1, 0], [0, 0, 0, 1, 0, 1, 0, 1, 0, 0, 0], [0, 2, 2, 1, 0, 1, 0, 1, 2, 2, 0], [0, 2, 0, 1, 1, 1, 1, 1, 0, 2, 0], [0, 2, 0, 0, 0, 1, 0, 0, 0, 5, 0], [0, 3, 2, 2, 2, 1, 4, 1, 1, 4, 0], [0, 0, 0, 0, 0, 0, 0, 0, 0, 0, 0]]"
2026-05-23T18:23:50.744770,0,West,1029.0,False,False,False,"[[0, 0, 0, 0, 0, 0, 0, 0, 0, 0, 0], [0, 2, 2, 2, 2, 1, 1, 1, 1, 1, 0], [0, 2, 0, 0, 0, 1, 0, 0, 0, 1, 0], [0, 2, 0, 1, 1, 1, 1, 1, 0, 1, 0], [0, 2, 2, 1, 0, 1, 0, 1, 1, 1, 0], [0, 0, 0, 1, 0, 1, 0, 2, 0, 0, 0], [0, 1, 1, 1, 1, 1, 2, 1, 1, 1, 0], [0, 1, 0, 1, 0, 0, 0, 1, 0, 1, 0], [0, 1, 0, 1, 0, 1, 0, 1, 0, 1, 0], [0, 1, 0, 1, 0, 1, 1, 1, 0, 1, 0], [0, 2, 0, 1, 0, 1, 1, 1, 0, 1, 0], [0, 2, 0, 1, 0, 1, 0, 1, 0, 1, 0], [0, 2, 0, 1, 0, 0, 0, 1, 0, 1, 0], [0, 2, 2, 1, 2, 1, 1, 1, 1, 1, 0], [0, 0, 0, 1, 0, 1, 0, 1, 0, 0, 0], [0, 2, 2, 1, 0, 1, 0, 1, 2, 2, 0], [0, 2, 0, 1, 1, 1, 1, 1, 0, 5, 0], [0, 2, 0, 0, 0, 1, 0, 0, 0, 4, 0], [0, 3, 2, 2, 2, 1, 1, 4, 1, 1, 0], [0, 0, 0, 0, 0, 0, 0, 0, 0, 0, 0]]"
2026-05-23T18:23:50.862347,0,South,1038.0,False,False,False,"[[0, 0, 0, 0, 0, 0, 0, 0, 0, 0, 0], [0, 2, 2, 2, 2, 1, 1, 1, 1, 1, 0], [0, 2, 0, 0, 0, 1, 0, 0, 0, 1, 0], [0, 2, 0, 1, 1, 1, 1, 1, 0, 1, 0], [0, 2, 2, 1, 0, 1, 0, 1, 1, 1, 0], [0, 0, 0, 1, 0, 1, 0, 2, 0, 0, 0], [0, 1, 1, 1, 1, 1, 2, 1, 1, 1, 0], [0, 1, 0, 1, 0, 0, 0, 1, 0, 1, 0], [0, 1, 0, 1, 0, 1, 0, 1, 0, 1, 0], [0, 1, 0, 1, 0, 1, 1, 1, 0, 1, 0], [0, 2, 0, 1, 0, 1, 1, 1, 0, 1, 0], [0, 2, 0, 1, 0, 1, 0, 1, 0, 1, 0], [0, 2, 0, 1, 0, 0, 0, 1, 0, 1, 0], [0, 2, 2, 1, 2, 1, 1, 1, 1, 1, 0], [0, 0, 0, 1, 0, 1, 0, 1, 0, 0, 0], [0, 2, 2, 1, 0, 1, 0, 1, 2, 5, 0], [0, 2, 0, 1, 1, 1, 1, 1, 0, 4, 0], [0, 2, 0, 0, 0, 1, 0, 0, 0, 1, 0], [0, 3, 2, 2, 2, 1, 1, 1, 4, 1, 0], [0, 0, 0, 0, 0, 0, 0, 0, 0, 0, 0]]"
2026-05-23T18:23:50.981531,0,South,1047.0,False,False,False,"[[0, 0, 0, 0, 0, 0, 0, 0, 0, 0, 0], [0, 2, 2, 2, 2, 1, 1, 1, 1, 1, 0], [0, 2, 0, 0, 0, 1, 0, 0, 0, 1, 0], [0, 2, 0, 1, 1, 1, 1, 1, 0, 1, 0], [0, 2, 2, 1, 0, 1, 0, 1, 1, 1, 0], [0, 0, 0, 1, 0, 1, 0, 2, 0, 0, 0], [0, 1, 1, 1, 1, 1, 2, 1, 1, 1, 0], [0, 1, 0, 1, 0, 0, 0, 1, 0, 1, 0], [0, 1, 0, 1, 0, 1, 0, 1, 0, 1, 0], [0, 1, 0, 1, 0, 1, 1, 1, 0, 1, 0], [0, 2, 0, 1, 0, 1, 1, 1, 0, 1, 0], [0, 2, 0, 1, 0, 1, 0, 1, 0, 1, 0], [0, 2, 0, 1, 0, 0, 0, 1, 0, 1, 0], [0, 2, 2, 1, 2, 1, 1, 1, 1, 1, 0], [0, 0, 0, 1, 0, 1, 0, 1, 0, 0, 0], [0, 2, 2, 1, 0, 1, 0, 1, 5, 4, 0], [0, 2, 0, 1, 1, 1, 1, 1, 0, 1, 0], [0, 2, 0, 0, 0, 1, 0, 0, 0, 1, 0], [0, 3, 2, 2, 2, 1, 1, 1, 1, 4, 0], [0, 0, 0, 0, 0, 0, 0, 0, 0, 0, 0]]"
2026-05-23T18:23:51.099509,0,West,1046.0,False,False,False,"[[0, 0, 0, 0, 0, 0, 0, 0, 0, 0, 0], [0, 2, 2, 2, 2, 1, 1, 1, 1, 1, 0], [0, 2, 0, 0, 0, 1, 0, 0, 0, 1, 0], [0, 2, 0, 1, 1, 1, 1, 1, 0, 1, 0], [0, 2, 2, 1, 0, 1, 0, 1, 1, 1, 0], [0, 0, 0, 1, 0, 1, 0, 2, 0, 0, 0], [0, 1, 1, 1, 1, 1, 2, 1, 1, 1, 0], [0, 1, 0, 1, 0, 0, 0, 1, 0, 1, 0], [0, 1, 0, 1, 0, 1, 0, 1, 0, 1, 0], [0, 1, 0, 1, 0, 1, 1, 1, 0, 1, 0], [0, 2, 0, 1, 0, 1, 1, 1, 0, 1, 0], [0, 2, 0, 1, 0, 1, 0, 1, 0, 1, 0], [0, 2, 0, 1, 0, 0, 0, 1, 0, 1, 0], [0, 2, 2, 1, 2, 1, 1, 1, 1, 1, 0], [0, 0, 0, 1, 0, 1, 0, 1, 0, 0, 0], [0, 2, 2, 1, 0, 1, 0, 5, 4, 1, 0], [0, 2, 0, 1, 1, 1, 1, 1, 0, 1, 0], [0, 2, 0, 0, 0, 1, 0, 0, 0, 4, 0], [0, 3, 2, 2, 2, 1, 1, 1, 1, 1, 0], [0, 0, 0, 0, 0, 0, 0, 0, 0, 0, 0]]"
2026-05-23T18:23:51.217884,0,West,1045.0,False,False,False,"[[0, 0, 0, 0, 0, 0, 0, 0, 0, 0, 0], [0, 2, 2, 2, 2, 1, 1, 1, 1, 1, 0], [0, 2, 0, 0, 0, 1, 0, 0, 0, 1, 0], [0, 2, 0, 1, 1, 1, 1, 1, 0, 1, 0], [0, 2, 2, 1, 0, 1, 0, 1, 1, 1, 0], [0, 0, 0, 1, 0, 1, 0, 2, 0, 0, 0], [0, 1, 1, 1, 1, 1, 2, 1, 1, 1, 0], [0, 1, 0, 1, 0, 0, 0, 1, 0, 1, 0], [0, 1, 0, 1, 0, 1, 0, 1, 0, 1, 0], [0, 1, 0, 1, 0, 1, 1, 1, 0, 1, 0], [0, 2, 0, 1, 0, 1, 1, 1, 0, 1, 0], [0, 2, 0, 1, 0, 1, 0, 1, 0, 1, 0], [0, 2, 0, 1, 0, 0, 0, 1, 0, 1, 0], [0, 2, 2, 1, 2, 1, 1, 1, 1, 1, 0], [0, 0, 0, 1, 0, 1, 0, 5, 0, 0, 0], [0, 2, 2, 1, 0, 1, 0, 4, 1, 1, 0], [0, 2, 0, 1, 1, 1, 1, 1, 0, 4, 0], [0, 2, 0, 0, 0, 1, 0, 0, 0, 1, 0], [0, 3, 2, 2, 2, 1, 1, 1, 1, 1, 0], [0, 0, 0, 0, 0, 0, 0, 0, 0, 0, 0]]"
2026-05-23T18:23:51.337888,0,West,1044.0,False,False,False,"[[0, 0, 0, 0, 0, 0, 0, 0, 0, 0, 0], [0, 2, 2, 2, 2, 1, 1, 1, 1, 1, 0], [0, 2, 0, 0, 0, 1, 0, 0, 0, 1, 0], [0, 2, 0, 1, 1, 1, 1, 1, 0, 1, 0], [0, 2, 2, 1, 0, 1, 0, 1, 1, 1, 0], [0, 0, 0, 1, 0, 1, 0, 2, 0, 0, 0], [0, 1, 1, 1, 1, 1, 2, 1, 1, 1, 0], [0, 1, 0, 1, 0, 0, 0, 1, 0, 1, 0], [0, 1, 0, 1, 0, 1, 0, 1, 0, 1, 0], [0, 1, 0, 1, 0, 1, 1, 1, 0, 1, 0], [0, 2, 0, 1, 0, 1, 1, 1, 0, 1, 0], [0, 2, 0, 1, 0, 1, 0, 1, 0, 1, 0], [0, 2, 0, 1, 0, 0, 0, 1, 0, 1, 0], [0, 2, 2, 1, 2, 1, 1, 5, 1, 1, 0], [0, 0, 0, 1, 0, 1, 0, 4, 0, 0, 0], [0, 2, 2, 1, 0, 1, 0, 1, 1, 4, 0], [0, 2, 0, 1, 1, 1, 1, 1, 0, 1, 0], [0, 2, 0, 0, 0, 1, 0, 0, 0, 1, 0], [0, 3, 2, 2, 2, 1, 1, 1, 1, 1, 0], [0, 0, 0, 0, 0, 0, 0, 0, 0, 0, 0]]"
2026-05-23T18:23:51.454008,0,West,1043.0,False,False,False,"[[0, 0, 0, 0, 0, 0, 0, 0, 0, 0, 0], [0, 2, 2, 2, 2, 1, 1, 1, 1, 1, 0], [0, 2, 0, 0, 0, 1, 0, 0, 0, 1, 0], [0, 2, 0, 1, 1, 1, 1, 1, 0, 1, 0], [0, 2, 2, 1, 0, 1, 0, 1, 1, 1, 0], [0, 0, 0, 1, 0, 1, 0, 2, 0, 0, 0], [0, 1, 1, 1, 1, 1, 2, 1, 1, 1, 0], [0, 1, 0, 1, 0, 0, 0, 1, 0, 1, 0], [0, 1, 0, 1, 0, 1, 0, 1, 0, 1, 0], [0, 1, 0, 1, 0, 1, 1, 1, 0, 1, 0], [0, 2, 0, 1, 0, 1, 1, 1, 0, 1, 0], [0, 2, 0, 1, 0, 1, 0, 1, 0, 1, 0], [0, 2, 0, 1, 0, 0, 0, 5, 0, 1, 0], [0, 2, 2, 1, 2, 1, 1, 4, 1, 1, 0], [0, 0, 0, 1, 0, 1, 0, 1, 0, 0, 0], [0, 2, 2, 1, 0, 1, 0, 1, 4, 1, 0], [0, 2, 0, 1, 1, 1, 1, 1, 0, 1, 0], [0, 2, 0, 0, 0, 1, 0, 0, 0, 1, 0], [0, 3, 2, 2, 2, 1, 1, 1, 1, 1, 0], [0, 0, 0, 0, 0, 0, 0, 0, 0, 0, 0]]"
2026-05-23T18:23:51.569533,0,West,1042.0,False,False,False,"[[0, 0, 0, 0, 0, 0, 0, 0, 0, 0, 0], [0, 2, 2, 2, 2, 1, 1, 1, 1, 1, 0], [0, 2, 0, 0, 0, 1, 0, 0, 0, 1, 0], [0, 2, 0, 1, 1, 1, 1, 1, 0, 1, 0], [0, 2, 2, 1, 0, 1, 0, 1, 1, 1, 0], [0, 0, 0, 1, 0, 1, 0, 2, 0, 0, 0], [0, 1, 1, 1, 1, 1, 2, 1, 1, 1, 0], [0, 1, 0, 1, 0, 0, 0, 1, 0, 1, 0], [0, 1, 0, 1, 0, 1, 0, 1, 0, 1, 0], [0, 1, 0, 1, 0, 1, 1, 1, 0, 1, 0], [0, 2, 0, 1, 0, 1, 1, 1, 0, 1, 0], [0, 2, 0, 1, 0, 1, 0, 5, 0, 1, 0], [0, 2, 0, 1, 0, 0, 0, 4, 0, 1, 0], [0, 2, 2, 1, 2, 1, 1, 1, 1, 1, 0], [0, 0, 0, 1, 0, 1, 0, 1, 0, 0, 0], [0, 2, 2, 1, 0, 1, 0, 4, 1, 1, 0], [0, 2, 0, 1, 1, 1, 1, 1, 0, 1, 0], [0, 2, 0, 0, 0, 1, 0, 0, 0, 1, 0], [0, 3, 2, 2, 2, 1, 1, 1, 1, 1, 0], [0, 0, 0, 0, 0, 0, 0, 0, 0, 0, 0]]"
2026-05-23T18:23:51.689764,0,West,1041.0,False,False,False,"[[0, 0, 0, 0, 0, 0, 0, 0, 0, 0, 0], [0, 2, 2, 2, 2, 1, 1, 1, 1, 1, 0], [0, 2, 0, 0, 0, 1, 0, 0, 0, 1, 0], [0, 2, 0, 1, 1, 1, 1, 1, 0, 1, 0], [0, 2, 2, 1, 0, 1, 0, 1, 1, 1, 0], [0, 0, 0, 1, 0, 1, 0, 2, 0, 0, 0], [0, 1, 1, 1, 1, 1, 2, 1, 1, 1, 0], [0, 1, 0, 1, 0, 0, 0, 1, 0, 1, 0], [0, 1, 0, 1, 0, 1, 0, 1, 0, 1, 0], [0, 1, 0, 1, 0, 1, 1, 1, 0, 1, 0], [0, 2, 0, 1, 0, 1, 1, 5, 0, 1, 0], [0, 2, 0, 1, 0, 1, 0, 4, 0, 1, 0], [0, 2, 0, 1, 0, 0, 0, 1, 0, 1, 0], [0, 2, 2, 1, 2, 1, 1, 1, 1, 1, 0], [0, 0, 0, 1, 0, 1, 0, 1, 0, 0, 0], [0, 2, 2, 1, 0, 1, 0, 1, 1, 1, 0], [0, 2, 0, 1, 1, 1, 1, 4, 0, 1, 0], [0, 2, 0, 0, 0, 1, 0, 0, 0, 1, 0], [0, 3, 2, 2, 2, 1, 1, 1, 1, 1, 0], [0, 0, 0, 0, 0, 0, 0, 0, 0, 0, 0]]"
2026-05-23T18:23:51.809600,0,West,1040.0,False,False,False,"[[0, 0, 0, 0, 0, 0, 0, 0, 0, 0, 0], [0, 2, 2, 2, 2, 1, 1, 1, 1, 1, 0], [0, 2, 0, 0, 0, 1, 0, 0, 0, 1, 0], [0, 2, 0, 1, 1, 1, 1, 1, 0, 1, 0], [0, 2, 2, 1, 0, 1, 0, 1, 1, 1, 0], [0, 0, 0, 1, 0, 1, 0, 2, 0, 0, 0], [0, 1, 1, 1, 1, 1, 2, 1, 1, 1, 0], [0, 1, 0, 1, 0, 0, 0, 1, 0, 1, 0], [0, 1, 0, 1, 0, 1, 0, 1, 0, 1, 0], [0, 1, 0, 1, 0, 1, 1, 5, 0, 1, 0], [0, 2, 0, 1, 0, 1, 1, 4, 0, 1, 0], [0, 2, 0, 1, 0, 1, 0, 1, 0, 1, 0], [0, 2, 0, 1, 0, 0, 0, 1, 0, 1, 0], [0, 2, 2, 1, 2, 1, 1, 1, 1, 1, 0], [0, 0, 0, 1, 0, 1, 0, 1, 0, 0, 0], [0, 2, 2, 1, 0, 1, 0, 1, 1, 1, 0], [0, 2, 0, 1, 1, 1, 4, 1, 0, 1, 0], [0, 2, 0, 0, 0, 1, 0, 0, 0, 1, 0], [0, 3, 2, 2, 2, 1, 1, 1, 1, 1, 0], [0, 0, 0, 0, 0, 0, 0, 0, 0, 0, 0]]"
2026-05-23T18:23:51.926349,0,West,1039.0,False,False,False,"[[0, 0, 0, 0, 0, 0, 0, 0, 0, 0, 0], [0, 2, 2, 2, 2, 1, 1, 1, 1, 1, 0], [0, 2, 0, 0, 0, 1, 0, 0, 0, 1, 0], [0, 2, 0, 1, 1, 1, 1, 1, 0, 1, 0], [0, 2, 2, 1, 0, 1, 0, 1, 1, 1, 0], [0, 0, 0, 1, 0, 1, 0, 2, 0, 0, 0], [0, 1, 1, 1, 1, 1, 2, 1, 1, 1, 0], [0, 1, 0, 1, 0, 0, 0, 1, 0, 1, 0], [0, 1, 0, 1, 0, 1, 0, 5, 0, 1, 0], [0, 1, 0, 1, 0, 1, 1, 4, 0, 1, 0], [0, 2, 0, 1, 0, 1, 1, 1, 0, 1, 0], [0, 2, 0, 1, 0, 1, 0, 1, 0, 1, 0], [0, 2, 0, 1, 0, 0, 0, 1, 0, 1, 0], [0, 2, 2, 1, 2, 1, 1, 1, 1, 1, 0], [0, 0, 0, 1, 0, 1, 0, 1, 0, 0, 0], [0, 2, 2, 1, 0, 1, 0, 1, 1, 1, 0], [0, 2, 0, 1, 1, 4, 1, 1, 0, 1, 0], [0, 2, 0, 0, 0, 1, 0, 0, 0, 1, 0], [0, 3, 2, 2, 2, 1, 1, 1, 1, 1, 0], [0, 0, 0, 0, 0, 0, 0, 0, 0, 0, 0]]"
2026-05-23T18:23:52.040760,0,West,1038.0,False,False,False,"[[0, 0, 0, 0, 0, 0, 0, 0, 0, 0, 0], [0, 2, 2, 2, 2, 1, 1, 1, 1, 1, 0], [0, 2, 0, 0, 0, 1, 0, 0, 0, 1, 0], [0, 2, 0, 1, 1, 1, 1, 1, 0, 1, 0], [0, 2, 2, 1, 0, 1, 0, 1, 1, 1, 0], [0, 0, 0, 1, 0, 1, 0, 2, 0, 0, 0], [0, 1, 1, 1, 1, 1, 2, 1, 1, 1, 0], [0, 1, 0, 1, 0, 0, 0, 5, 0, 1, 0], [0, 1, 0, 1, 0, 1, 0, 4, 0, 1, 0], [0, 1, 0, 1, 0, 1, 1, 1, 0, 1, 0], [0, 2, 0, 1, 0, 1, 1, 1, 0, 1, 0], [0, 2, 0, 1, 0, 1, 0, 1, 0, 1, 0], [0, 2, 0, 1, 0, 0, 0, 1, 0, 1, 0], [0, 2, 2, 1, 2, 1, 1, 1, 1, 1, 0], [0, 0, 0, 1, 0, 1, 0, 1, 0, 0, 0], [0, 2, 2, 1, 0, 4, 0, 1, 1, 1, 0], [0, 2, 0, 1, 1, 1, 1, 1, 0, 1, 0], [0, 2, 0, 0, 0, 1, 0, 0, 0, 1, 0], [0, 3, 2, 2, 2, 1, 1, 1, 1, 1, 0], [0, 0, 0, 0, 0, 0, 0, 0, 0, 0, 0]]"
2026-05-23T18:23:52.162636,0,West,1037.0,False,False,False,"[[0, 0, 0, 0, 0, 0, 0, 0, 0, 0, 0], [0, 2, 2, 2, 2, 1, 1, 1, 1, 1, 0], [0, 2, 0, 0, 0, 1, 0, 0, 0, 1, 0], [0, 2, 0, 1, 1, 1, 1, 1, 0, 1, 0], [0, 2, 2, 1, 0, 1, 0, 1, 1, 1, 0], [0, 0, 0, 1, 0, 1, 0, 2, 0, 0, 0], [0, 1, 1, 1, 1, 1, 2, 5, 1, 1, 0], [0, 1, 0, 1, 0, 0, 0, 4, 0, 1, 0], [0, 1, 0, 1, 0, 1, 0, 1, 0, 1, 0], [0, 1, 0, 1, 0, 1, 1, 1, 0, 1, 0], [0, 2, 0, 1, 0, 1, 1, 1, 0, 1, 0], [0, 2, 0, 1, 0, 1, 0, 1, 0, 1, 0], [0, 2, 0, 1, 0, 0, 0, 1, 0, 1, 0], [0, 2, 2, 1, 2, 1, 1, 1, 1, 1, 0], [0, 0, 0, 1, 0, 4, 0, 1, 0, 0, 0], [0, 2, 2, 1, 0, 1, 0, 1, 1, 1, 0], [0, 2, 0, 1, 1, 1, 1, 1, 0, 1, 0], [0, 2, 0, 0, 0, 1, 0, 0, 0, 1, 0], [0, 3, 2, 2, 2, 1, 1, 1, 1, 1, 0], [0, 0, 0, 0, 0, 0, 0, 0, 0, 0, 0]]"
2026-05-23T18:23:52.278776,0,West,1046.0,False,False,False,"[[0, 0, 0, 0, 0, 0, 0, 0, 0, 0, 0], [0, 2, 2, 2, 2, 1, 1, 1, 1, 1, 0], [0, 2, 0, 0, 0, 1, 0, 0, 0, 1, 0], [0, 2, 0, 1, 1, 1, 1, 1, 0, 1, 0], [0, 2, 2, 1, 0, 1, 0, 1, 1, 1, 0], [0, 0, 0, 1, 0, 1, 0, 5, 0, 0, 0], [0, 1, 1, 1, 1, 1, 2, 4, 1, 1, 0], [0, 1, 0, 1, 0, 0, 0, 1, 0, 1, 0], [0, 1, 0, 1, 0, 1, 0, 1, 0, 1, 0], [0, 1, 0, 1, 0, 1, 1, 1, 0, 1, 0], [0, 2, 0, 1, 0, 1, 1, 1, 0, 1, 0], [0, 2, 0, 1, 0, 1, 0, 1, 0, 1, 0], [0, 2, 0, 1, 0, 0, 0, 1, 0, 1, 0], [0, 2, 2, 1, 2, 4, 1, 1, 1, 1, 0], [0, 0, 0, 1, 0, 1, 0, 1, 0, 0, 0], [0, 2, 2, 1, 0, 1, 0, 1, 1, 1, 0], [0, 2, 0, 1, 1, 1, 1, 1, 0, 1, 0], [0, 2, 0, 0, 0, 1, 0, 0, 0, 1, 0], [0, 3, 2, 2, 2, 1, 1, 1, 1, 1, 0], [0, 0, 0, 0, 0, 0, 0, 0, 0, 0, 0]]"
2026-05-23T18:23:52.395760,0,West,1045.0,False,False,False,"[[0, 0, 0, 0, 0, 0, 0, 0, 0, 0, 0], [0, 2, 2, 2, 2, 1, 1, 1, 1, 1, 0], [0, 2, 0, 0, 0, 1, 0, 0, 0, 1, 0], [0, 2, 0, 1, 1, 1, 1, 1, 0, 1, 0], [0, 2, 2, 1, 0, 1, 0, 5, 1, 1, 0], [0, 0, 0, 1, 0, 1, 0, 4, 0, 0, 0], [0, 1, 1, 1, 1, 1, 2, 1, 1, 1, 0], [0, 1, 0, 1, 0, 0, 0, 1, 0, 1, 0], [0, 1, 0, 1, 0, 1, 0, 1, 0, 1, 0], [0, 1, 0, 1, 0, 1, 1, 1, 0, 1, 0], [0, 2, 0, 1, 0, 1, 1, 1, 0, 1, 0], [0, 2, 0, 1, 0, 1, 0, 1, 0, 1, 0], [0, 2, 0, 1, 0, 0, 0, 1, 0, 1, 0], [0, 2, 2, 1, 4, 1, 1, 1, 1, 1, 0], [0, 0, 0, 1, 0, 1, 0, 1, 0, 0, 0], [0, 2, 2, 1, 0, 1, 0, 1, 1, 1, 0], [0, 2, 0, 1, 1, 1, 1, 1, 0, 1, 0], [0, 2, 0, 0, 0, 1, 0, 0, 0, 1, 0], [0, 3, 2, 2, 2, 1, 1, 1, 1, 1, 0], [0, 0, 0, 0, 0, 0, 0, 0, 0, 0, 0]]"
2026-05-23T18:23:52.519235,0,South,1044.0,False,False,False,"[[0, 0, 0, 0, 0, 0, 0, 0, 0, 0, 0], [0, 2, 2, 2, 2, 1, 1, 1, 1, 1, 0], [0, 2, 0, 0, 0, 1, 0, 0, 0, 1, 0], [0, 2, 0, 1, 1, 1, 1, 5, 0, 1, 0], [0, 2, 2, 1, 0, 1, 0, 4, 1, 1, 0], [0, 0, 0, 1, 0, 1, 0, 1, 0, 0, 0], [0, 1, 1, 1, 1, 1, 2, 1, 1, 1, 0], [0, 1, 0, 1, 0, 0, 0, 1, 0, 1, 0], [0, 1, 0, 1, 0, 1, 0, 1, 0, 1, 0], [0, 1, 0, 1, 0, 1, 1, 1, 0, 1, 0], [0, 2, 0, 1, 0, 1, 1, 1, 0, 1, 0], [0, 2, 0, 1, 0, 1, 0, 1, 0, 1, 0], [0, 2, 0, 1, 0, 0, 0, 1, 0, 1, 0], [0, 2, 2, 4, 2, 1, 1, 1, 1, 1, 0], [0, 0, 0, 1, 0, 1, 0, 1, 0, 0, 0], [0, 2, 2, 1, 0, 1, 0, 1, 1, 1, 0], [0, 2, 0, 1, 1, 1, 1, 1, 0, 1, 0], [0, 2, 0, 0, 0, 1, 0, 0, 0, 1, 0], [0, 3, 2, 2, 2, 1, 1, 1, 1, 1, 0], [0, 0, 0, 0, 0, 0, 0, 0, 0, 0, 0]]"
2026-05-23T18:23:52.637993,0,South,1043.0,False,False,False,"[[0, 0, 0, 0, 0, 0, 0, 0, 0, 0, 0], [0, 2, 2, 2, 2, 1, 1, 1, 1, 1, 0], [0, 2, 0, 0, 0, 1, 0, 0, 0, 1, 0], [0, 2, 0, 1, 1, 1, 5, 4, 0, 1, 0], [0, 2, 2, 1, 0, 1, 0, 1, 1, 1, 0], [0, 0, 0, 1, 0, 1, 0, 1, 0, 0, 0], [0, 1, 1, 1, 1, 1, 2, 1, 1, 1, 0], [0, 1, 0, 1, 0, 0, 0, 1, 0, 1, 0], [0, 1, 0, 1, 0, 1, 0, 1, 0, 1, 0], [0, 1, 0, 1, 0, 1, 1, 1, 0, 1, 0], [0, 2, 0, 1, 0, 1, 1, 1, 0, 1, 0], [0, 2, 0, 1, 0, 1, 0, 1, 0, 1, 0], [0, 2, 0, 4, 0, 0, 0, 1, 0, 1, 0], [0, 2, 2, 1, 2, 1, 1, 1, 1, 1, 0], [0, 0, 0, 1, 0, 1, 0, 1, 0, 0, 0], [0, 2, 2, 1, 0, 1, 0, 1, 1, 1, 0], [0, 2, 0, 1, 1, 1, 1, 1, 0, 1, 0], [0, 2, 0, 0, 0, 1, 0, 0, 0, 1, 0], [0, 3, 2, 2, 2, 1, 1, 1, 1, 1, 0], [0, 0, 0, 0, 0, 0, 0, 0, 0, 0, 0]]"
2026-05-23T18:23:52.750935,0,West,1042.0,False,False,False,"[[0, 0, 0, 0, 0, 0, 0, 0, 0, 0, 0], [0, 2, 2, 2, 2, 1, 1, 1, 1, 1, 0], [0, 2, 0, 0, 0, 1, 0, 0, 0, 1, 0], [0, 2, 0, 1, 1, 5, 4, 1, 0, 1, 0], [0, 2, 2, 1, 0, 1, 0, 1, 1, 1, 0], [0, 0, 0, 1, 0, 1, 0, 1, 0, 0, 0], [0, 1, 1, 1, 1, 1, 2, 1, 1, 1, 0], [0, 1, 0, 1, 0, 0, 0, 1, 0, 1, 0], [0, 1, 0, 1, 0, 1, 0, 1, 0, 1, 0], [0, 1, 0, 1, 0, 1, 1, 1, 0, 1, 0], [0, 2, 0, 1, 0, 1, 1, 1, 0, 1, 0], [0, 2, 0, 4, 0, 1, 0, 1, 0, 1, 0], [0, 2, 0, 1, 0, 0, 0, 1, 0, 1, 0], [0, 2, 2, 1, 2, 1, 1, 1, 1, 1, 0], [0, 0, 0, 1, 0, 1, 0, 1, 0, 0, 0], [0, 2, 2, 1, 0, 1, 0, 1, 1, 1, 0], [0, 2, 0, 1, 1, 1, 1, 1, 0, 1, 0], [0, 2, 0, 0, 0, 1, 0, 0, 0, 1, 0], [0, 3, 2, 2, 2, 1, 1, 1, 1, 1, 0], [0, 0, 0, 0, 0, 0, 0, 0, 0, 0, 0]]"
2026-05-23T18:23:52.871435,0,West,1041.0,False,False,False,"[[0, 0, 0, 0, 0, 0, 0, 0, 0, 0, 0], [0, 2, 2, 2, 2, 1, 1, 1, 1, 1, 0], [0, 2, 0, 0, 0, 5, 0, 0, 0, 1, 0], [0, 2, 0, 1, 1, 4, 1, 1, 0, 1, 0], [0, 2, 2, 1, 0, 1, 0, 1, 1, 1, 0], [0, 0, 0, 1, 0, 1, 0, 1, 0, 0, 0], [0, 1, 1, 1, 1, 1, 2, 1, 1, 1, 0], [0, 1, 0, 1, 0, 0, 0, 1, 0, 1, 0], [0, 1, 0, 1, 0, 1, 0, 1, 0, 1, 0], [0, 1, 0, 1, 0, 1, 1, 1, 0, 1, 0], [0, 2, 0, 4, 0, 1, 1, 1, 0, 1, 0], [0, 2, 0, 1, 0, 1, 0, 1, 0, 1, 0], [0, 2, 0, 1, 0, 0, 0, 1, 0, 1, 0], [0, 2, 2, 1, 2, 1, 1, 1, 1, 1, 0], [0, 0, 0, 1, 0, 1, 0, 1, 0, 0, 0], [0, 2, 2, 1, 0, 1, 0, 1, 1, 1, 0], [0, 2, 0, 1, 1, 1, 1, 1, 0, 1, 0], [0, 2, 0, 0, 0, 1, 0, 0, 0, 1, 0], [0, 3, 2, 2, 2, 1, 1, 1, 1, 1, 0], [0, 0, 0, 0, 0, 0, 0, 0, 0, 0, 0]]"
2026-05-23T18:23:52.987117,0,South,1040.0,False,False,False,"[[0, 0, 0, 0, 0, 0, 0, 0, 0, 0, 0], [0, 2, 2, 2, 2, 5, 1, 1, 1, 1, 0], [0, 2, 0, 0, 0, 4, 0, 0, 0, 1, 0], [0, 2, 0, 1, 1, 1, 1, 1, 0, 1, 0], [0, 2, 2, 1, 0, 1, 0, 1, 1, 1, 0], [0, 0, 0, 1, 0, 1, 0, 1, 0, 0, 0], [0, 1, 1, 1, 1, 1, 2, 1, 1, 1, 0], [0, 1, 0, 1, 0, 0, 0, 1, 0, 1, 0], [0, 1, 0, 1, 0, 1, 0, 1, 0, 1, 0], [0, 1, 0, 4, 0, 1, 1, 1, 0, 1, 0], [0, 2, 0, 1, 0, 1, 1, 1, 0, 1, 0], [0, 2, 0, 1, 0, 1, 0, 1, 0, 1, 0], [0, 2, 0, 1, 0, 0, 0, 1, 0, 1, 0], [0, 2, 2, 1, 2, 1, 1, 1, 1, 1, 0], [0, 0, 0, 1, 0, 1, 0, 1, 0, 0, 0], [0, 2, 2, 1, 0, 1, 0, 1, 1, 1, 0], [0, 2, 0, 1, 1, 1, 1, 1, 0, 1, 0], [0, 2, 0, 0, 0, 1, 0, 0, 0, 1, 0], [0, 3, 2, 2, 2, 1, 1, 1, 1, 1, 0], [0, 0, 0, 0, 0, 0, 0, 0, 0, 0, 0]]"
2026-05-23T18:23:53.102403,0,South,1049.0,False,False,False,"[[0, 0, 0, 0, 0, 0, 0, 0, 0, 0, 0], [0, 2, 2, 2, 5, 4, 1, 1, 1, 1, 0], [0, 2, 0, 0, 0, 1, 0, 0, 0, 1, 0], [0, 2, 0, 1, 1, 1, 1, 1, 0, 1, 0], [0, 2, 2, 1, 0, 1, 0, 1, 1, 1, 0], [0, 0, 0, 1, 0, 1, 0, 1, 0, 0, 0], [0, 1, 1, 1, 1, 1, 2, 1, 1, 1, 0], [0, 1, 0, 1, 0, 0, 0, 1, 0, 1, 0], [0, 1, 0, 4, 0, 1, 0, 1, 0, 1, 0], [0, 1, 0, 1, 0, 1, 1, 1, 0, 1, 0], [0, 2, 0, 1, 0, 1, 1, 1, 0, 1, 0], [0, 2, 0, 1, 0, 1, 0, 1, 0, 1, 0], [0, 2, 0, 1, 0, 0, 0, 1, 0, 1, 0], [0, 2, 2, 1, 2, 1, 1, 1, 1, 1, 0], [0, 0, 0, 1, 0, 1, 0, 1, 0, 0, 0], [0, 2, 2, 1, 0, 1, 0, 1, 1, 1, 0], [0, 2, 0, 1, 1, 1, 1, 1, 0, 1, 0], [0, 2, 0, 0, 0, 1, 0, 0, 0, 1, 0], [0, 3, 2, 2, 2, 1, 1, 1, 1, 1, 0], [0, 0, 0, 0, 0, 0, 0, 0, 0, 0, 0]]"
2026-05-23T18:23:53.220093,0,South,1058.0,False,False,False,"[[0, 0, 0, 0, 0, 0, 0, 0, 0, 0, 0], [0, 2, 2, 5, 4, 1, 1, 1, 1, 1, 0], [0, 2, 0, 0, 0, 1, 0, 0, 0, 1, 0], [0, 2, 0, 1, 1, 1, 1, 1, 0, 1, 0], [0, 2, 2, 1, 0, 1, 0, 1, 1, 1, 0], [0, 0, 0, 1, 0, 1, 0, 1, 0, 0, 0], [0, 1, 1, 1, 1, 1, 2, 1, 1, 1, 0], [0, 1, 0, 4, 0, 0, 0, 1, 0, 1, 0], [0, 1, 0, 1, 0, 1, 0, 1, 0, 1, 0], [0, 1, 0, 1, 0, 1, 1, 1, 0, 1, 0], [0, 2, 0, 1, 0, 1, 1, 1, 0, 1, 0], [0, 2, 0, 1, 0, 1, 0, 1, 0, 1, 0], [0, 2, 0, 1, 0, 0, 0, 1, 0, 1, 0], [0, 2, 2, 1, 2, 1, 1, 1, 1, 1, 0], [0, 0, 0, 1, 0, 1, 0, 1, 0, 0, 0], [0, 2, 2, 1, 0, 1, 0, 1, 1, 1, 0], [0, 2, 0, 1, 1, 1, 1, 1, 0, 1, 0], [0, 2, 0, 0, 0, 1, 0, 0, 0, 1, 0], [0, 3, 2, 2, 2, 1, 1, 1, 1, 1, 0], [0, 0, 0, 0, 0, 0, 0, 0, 0, 0, 0]]"
2026-05-23T18:23:53.335401,0,South,1067.0,False,False,False,"[[0, 0, 0, 0, 0, 0, 0, 0, 0, 0, 0], [0, 2, 5, 4, 1, 1, 1, 1, 1, 1, 0], [0, 2, 0, 0, 0, 1, 0, 0, 0, 1, 0], [0, 2, 0, 1, 1, 1, 1, 1, 0, 1, 0], [0, 2, 2, 1, 0, 1, 0, 1, 1, 1, 0], [0, 0, 0, 1, 0, 1, 0, 1, 0, 0, 0], [0, 1, 1, 4, 1, 1, 2, 1, 1, 1, 0], [0, 1, 0, 1, 0, 0, 0, 1, 0, 1, 0], [0, 1, 0, 1, 0, 1, 0, 1, 0, 1, 0], [0, 1, 0, 1, 0, 1, 1, 1, 0, 1, 0], [0, 2, 0, 1, 0, 1, 1, 1, 0, 1, 0], [0, 2, 0, 1, 0, 1, 0, 1, 0, 1, 0], [0, 2, 0, 1, 0, 0, 0, 1, 0, 1, 0], [0, 2, 2, 1, 2, 1, 1, 1, 1, 1, 0], [0, 0, 0, 1, 0, 1, 0, 1, 0, 0, 0], [0, 2, 2, 1, 0, 1, 0, 1, 1, 1, 0], [0, 2, 0, 1, 1, 1, 1, 1, 0, 1, 0], [0, 2, 0, 0, 0, 1, 0, 0, 0, 1, 0], [0, 3, 2, 2, 2, 1, 1, 1, 1, 1, 0], [0, 0, 0, 0, 0, 0, 0, 0, 0, 0, 0]]"
2026-05-23T18:23:53.448497,0,East,1076.0,False,False,False,"[[0, 0, 0, 0, 0, 0, 0, 0, 0, 0, 0], [0, 5, 4, 1, 1, 1, 1, 1, 1, 1, 0], [0, 2, 0, 0, 0, 1, 0, 0, 0, 1, 0], [0, 2, 0, 1, 1, 1, 1, 1, 0, 1, 0], [0, 2, 2, 1, 0, 1, 0, 1, 1, 1, 0], [0, 0, 0, 4, 0, 1, 0, 1, 0, 0, 0], [0, 1, 1, 1, 1, 1, 2, 1, 1, 1, 0], [0, 1, 0, 1, 0, 0, 0, 1, 0, 1, 0], [0, 1, 0, 1, 0, 1, 0, 1, 0, 1, 0], [0, 1, 0, 1, 0, 1, 1, 1, 0, 1, 0], [0, 2, 0, 1, 0, 1, 1, 1, 0, 1, 0], [0, 2, 0, 1, 0, 1, 0, 1, 0, 1, 0], [0, 2, 0, 1, 0, 0, 0, 1, 0, 1, 0], [0, 2, 2, 1, 2, 1, 1, 1, 1, 1, 0], [0, 0, 0, 1, 0, 1, 0, 1, 0, 0, 0], [0, 2, 2, 1, 0, 1, 0, 1, 1, 1, 0], [0, 2, 0, 1, 1, 1, 1, 1, 0, 1, 0], [0, 2, 0, 0, 0, 1, 0, 0, 0, 1, 0], [0, 3, 2, 2, 2, 1, 1, 1, 1, 1, 0], [0, 0, 0, 0, 0, 0, 0, 0, 0, 0, 0]]"
2026-05-23T18:23:53.561941,0,East,1085.0,False,False,False,"[[0, 0, 0, 0, 0, 0, 0, 0, 0, 0, 0], [0, 4, 1, 1, 1, 1, 1, 1, 1, 1, 0], [0, 5, 0, 0, 0, 1, 0, 0, 0, 1, 0], [0, 2, 0, 1, 1, 1, 1, 1, 0, 1, 0], [0, 2, 2, 4, 0, 1, 0, 1, 1, 1, 0], [0, 0, 0, 1, 0, 1, 0, 1, 0, 0, 0], [0, 1, 1, 1, 1, 1, 2, 1, 1, 1, 0], [0, 1, 0, 1, 0, 0, 0, 1, 0, 1, 0], [0, 1, 0, 1, 0, 1, 0, 1, 0, 1, 0], [0, 1, 0, 1, 0, 1, 1, 1, 0, 1, 0], [0, 2, 0, 1, 0, 1, 1, 1, 0, 1, 0], [0, 2, 0, 1, 0, 1, 0, 1, 0, 1, 0], [0, 2, 0, 1, 0, 0, 0, 1, 0, 1, 0], [0, 2, 2, 1, 2, 1, 1, 1, 1, 1, 0], [0, 0, 0, 1, 0, 1, 0, 1, 0, 0, 0], [0, 2, 2, 1, 0, 1, 0, 1, 1, 1, 0], [0, 2, 0, 1, 1, 1, 1, 1, 0, 1, 0], [0, 2, 0, 0, 0, 1, 0, 0, 0, 1, 0], [0, 3, 2, 2, 2, 1, 1, 1, 1, 1, 0], [0, 0, 0, 0, 0, 0, 0, 0, 0, 0, 0]]"
2026-05-23T18:23:53.680554,0,East,1094.0,False,False,False,"[[0, 0, 0, 0, 0, 0, 0, 0, 0, 0, 0], [0, 1, 1, 1, 1, 1, 1, 1, 1, 1, 0], [0, 4, 0, 0, 0, 1, 0, 0, 0, 1, 0], [0, 5, 0, 4, 1, 1, 1, 1, 0, 1, 0], [0, 2, 2, 1, 0, 1, 0, 1, 1, 1, 0], [0, 0, 0, 1, 0, 1, 0, 1, 0, 0, 0], [0, 1, 1, 1, 1, 1, 2, 1, 1, 1, 0], [0, 1, 0, 1, 0, 0, 0, 1, 0, 1, 0], [0, 1, 0, 1, 0, 1, 0, 1, 0, 1, 0], [0, 1, 0, 1, 0, 1, 1, 1, 0, 1, 0], [0, 2, 0, 1, 0, 1, 1, 1, 0, 1, 0], [0, 2, 0, 1, 0, 1, 0, 1, 0, 1, 0], [0, 2, 0, 1, 0, 0, 0, 1, 0, 1, 0], [0, 2, 2, 1, 2, 1, 1, 1, 1, 1, 0], [0, 0, 0, 1, 0, 1, 0, 1, 0, 0, 0], [0, 2, 2, 1, 0, 1, 0, 1, 1, 1, 0], [0, 2, 0, 1, 1, 1, 1, 1, 0, 1, 0], [0, 2, 0, 0, 0, 1, 0, 0, 0, 1, 0], [0, 3, 2, 2, 2, 1, 1, 1, 1, 1, 0], [0, 0, 0, 0, 0, 0, 0, 0, 0, 0, 0]]"
2026-05-23T18:23:53.796421,0,North,1103.0,False,False,False,"[[0, 0, 0, 0, 0, 0, 0, 0, 0, 0, 0], [0, 1, 1, 1, 1, 1, 1, 1, 1, 1, 0], [0, 1, 0, 0, 0, 1, 0, 0, 0, 1, 0], [0, 4, 0, 1, 4, 1, 1, 1, 0, 1, 0], [0, 5, 2, 1, 0, 1, 0, 1, 1, 1, 0], [0, 0, 0, 1, 0, 1, 0, 1, 0, 0, 0], [0, 1, 1, 1, 1, 1, 2, 1, 1, 1, 0], [0, 1, 0, 1, 0, 0, 0, 1, 0, 1, 0], [0, 1, 0, 1, 0, 1, 0, 1, 0, 1, 0], [0, 1, 0, 1, 0, 1, 1, 1, 0, 1, 0], [0, 2, 0, 1, 0, 1, 1, 1, 0, 1, 0], [0, 2, 0, 1, 0, 1, 0, 1, 0, 1, 0], [0, 2, 0, 1, 0, 0, 0, 1, 0, 1, 0], [0, 2, 2, 1, 2, 1, 1, 1, 1, 1, 0], [0, 0, 0, 1, 0, 1, 0, 1, 0, 0, 0], [0, 2, 2, 1, 0, 1, 0, 1, 1, 1, 0], [0, 2, 0, 1, 1, 1, 1, 1, 0, 1, 0], [0, 2, 0, 0, 0, 1, 0, 0, 0, 1, 0], [0, 3, 2, 2, 2, 1, 1, 1, 1, 1, 0], [0, 0, 0, 0, 0, 0, 0, 0, 0, 0, 0]]"
2026-05-23T18:23:53.913261,0,North,1112.0,False,False,False,"[[0, 0, 0, 0, 0, 0, 0, 0, 0, 0, 0], [0, 1, 1, 1, 1, 1, 1, 1, 1, 1, 0], [0, 1, 0, 0, 0, 1, 0, 0, 0, 1, 0], [0, 1, 0, 1, 1, 4, 1, 1, 0, 1, 0], [0, 4, 5, 1, 0, 1, 0, 1, 1, 1, 0], [0, 0, 0, 1, 0, 1, 0, 1, 0, 0, 0], [0, 1, 1, 1, 1, 1, 2, 1, 1, 1, 0], [0, 1, 0, 1, 0, 0, 0, 1, 0, 1, 0], [0, 1, 0, 1, 0, 1, 0, 1, 0, 1, 0], [0, 1, 0, 1, 0, 1, 1, 1, 0, 1, 0], [0, 2, 0, 1, 0, 1, 1, 1, 0, 1, 0], [0, 2, 0, 1, 0, 1, 0, 1, 0, 1, 0], [0, 2, 0, 1, 0, 0, 0, 1, 0, 1, 0], [0, 2, 2, 1, 2, 1, 1, 1, 1, 1, 0], [0, 0, 0, 1, 0, 1, 0, 1, 0, 0, 0], [0, 2, 2, 1, 0, 1, 0, 1, 1, 1, 0], [0, 2, 0, 1, 1, 1, 1, 1, 0, 1, 0], [0, 2, 0, 0, 0, 1, 0, 0, 0, 1, 0], [0, 3, 2, 2, 2, 1, 1, 1, 1, 1, 0], [0, 0, 0, 0, 0, 0, 0, 0, 0, 0, 0]]"
2026-05-23T18:23:54.027576,0,West,1111.0,False,False,False,"[[0, 0, 0, 0, 0, 0, 0, 0, 0, 0, 0], [0, 1, 1, 1, 1, 1, 1, 1, 1, 1, 0], [0, 1, 0, 0, 0, 1, 0, 0, 0, 1, 0], [0, 1, 0, 1, 1, 1, 1, 1, 0, 1, 0], [0, 1, 4, 5, 0, 4, 0, 1, 1, 1, 0], [0, 0, 0, 1, 0, 1, 0, 1, 0, 0, 0], [0, 1, 1, 1, 1, 1, 2, 1, 1, 1, 0], [0, 1, 0, 1, 0, 0, 0, 1, 0, 1, 0], [0, 1, 0, 1, 0, 1, 0, 1, 0, 1, 0], [0, 1, 0, 1, 0, 1, 1, 1, 0, 1, 0], [0, 2, 0, 1, 0, 1, 1, 1, 0, 1, 0], [0, 2, 0, 1, 0, 1, 0, 1, 0, 1, 0], [0, 2, 0, 1, 0, 0, 0, 1, 0, 1, 0], [0, 2, 2, 1, 2, 1, 1, 1, 1, 1, 0], [0, 0, 0, 1, 0, 1, 0, 1, 0, 0, 0], [0, 2, 2, 1, 0, 1, 0, 1, 1, 1, 0], [0, 2, 0, 1, 1, 1, 1, 1, 0, 1, 0], [0, 2, 0, 0, 0, 1, 0, 0, 0, 1, 0], [0, 3, 2, 2, 2, 1, 1, 1, 1, 1, 0], [0, 0, 0, 0, 0, 0, 0, 0, 0, 0, 0]]"
2026-05-23T18:23:54.142070,0,North,1110.0,False,False,False,"[[0, 0, 0, 0, 0, 0, 0, 0, 0, 0, 0], [0, 1, 1, 1, 1, 1, 1, 1, 1, 1, 0], [0, 1, 0, 0, 0, 1, 0, 0, 0, 1, 0], [0, 1, 0, 5, 1, 1, 1, 1, 0, 1, 0], [0, 1, 1, 4, 0, 1, 0, 1, 1, 1, 0], [0, 0, 0, 1, 0, 4, 0, 1, 0, 0, 0], [0, 1, 1, 1, 1, 1, 2, 1, 1, 1, 0], [0, 1, 0, 1, 0, 0, 0, 1, 0, 1, 0], [0, 1, 0, 1, 0, 1, 0, 1, 0, 1, 0], [0, 1, 0, 1, 0, 1, 1, 1, 0, 1, 0], [0, 2, 0, 1, 0, 1, 1, 1, 0, 1, 0], [0, 2, 0, 1, 0, 1, 0, 1, 0, 1, 0], [0, 2, 0, 1, 0, 0, 0, 1, 0, 1, 0], [0, 2, 2, 1, 2, 1, 1, 1, 1, 1, 0], [0, 0, 0, 1, 0, 1, 0, 1, 0, 0, 0], [0, 2, 2, 1, 0, 1, 0, 1, 1, 1, 0], [0, 2, 0, 1, 1, 1, 1, 1, 0, 1, 0], [0, 2, 0, 0, 0, 1, 0, 0, 0, 1, 0], [0, 3, 2, 2, 2, 1, 1, 1, 1, 1, 0], [0, 0, 0, 0, 0, 0, 0, 0, 0, 0, 0]]"
2026-05-23T18:23:54.255307,0,North,1109.0,False,False,False,"[[0, 0, 0, 0, 0, 0, 0, 0, 0, 0, 0], [0, 1, 1, 1, 1, 1, 1, 1, 1, 1, 0], [0, 1, 0, 0, 0, 1, 0, 0, 0, 1, 0], [0, 1, 0, 4, 5, 1, 1, 1, 0, 1, 0], [0, 1, 1, 1, 0, 1, 0, 1, 1, 1, 0], [0, 0, 0, 1, 0, 1, 0, 1, 0, 0, 0], [0, 1, 1, 1, 1, 4, 2, 1, 1, 1, 0], [0, 1, 0, 1, 0, 0, 0, 1, 0, 1, 0], [0, 1, 0, 1, 0, 1, 0, 1, 0, 1, 0], [0, 1, 0, 1, 0, 1, 1, 1, 0, 1, 0], [0, 2, 0, 1, 0, 1, 1, 1, 0, 1, 0], [0, 2, 0, 1, 0, 1, 0, 1, 0, 1, 0], [0, 2, 0, 1, 0, 0, 0, 1, 0, 1, 0], [0, 2, 2, 1, 2, 1, 1, 1, 1, 1, 0], [0, 0, 0, 1, 0, 1, 0, 1, 0, 0, 0], [0, 2, 2, 1, 0, 1, 0, 1, 1, 1, 0], [0, 2, 0, 1, 1, 1, 1, 1, 0, 1, 0], [0, 2, 0, 0, 0, 1, 0, 0, 0, 1, 0], [0, 3, 2, 2, 2, 1, 1, 1, 1, 1, 0], [0, 0, 0, 0, 0, 0, 0, 0, 0, 0, 0]]"
2026-05-23T18:23:54.371570,0,West,1108.0,False,False,False,"[[0, 0, 0, 0, 0, 0, 0, 0, 0, 0, 0], [0, 1, 1, 1, 1, 1, 1, 1, 1, 1, 0], [0, 1, 0, 0, 0, 1, 0, 0, 0, 1, 0], [0, 1, 0, 1, 4, 5, 1, 1, 0, 1, 0], [0, 1, 1, 1, 0, 1, 0, 1, 1, 1, 0], [0, 0, 0, 1, 0, 1, 0, 1, 0, 0, 0], [0, 1, 1, 1, 4, 1, 2, 1, 1, 1, 0], [0, 1, 0, 1, 0, 0, 0, 1, 0, 1, 0], [0, 1, 0, 1, 0, 1, 0, 1, 0, 1, 0], [0, 1, 0, 1, 0, 1, 1, 1, 0, 1, 0], [0, 2, 0, 1, 0, 1, 1, 1, 0, 1, 0], [0, 2, 0, 1, 0, 1, 0, 1, 0, 1, 0], [0, 2, 0, 1, 0, 0, 0, 1, 0, 1, 0], [0, 2, 2, 1, 2, 1, 1, 1, 1, 1, 0], [0, 0, 0, 1, 0, 1, 0, 1, 0, 0, 0], [0, 2, 2, 1, 0, 1, 0, 1, 1, 1, 0], [0, 2, 0, 1, 1, 1, 1, 1, 0, 1, 0], [0, 2, 0, 0, 0, 1, 0, 0, 0, 1, 0], [0, 3, 2, 2, 2, 1, 1, 1, 1, 1, 0], [0, 0, 0, 0, 0, 0, 0, 0, 0, 0, 0]]"
2026-05-23T18:23:54.494031,0,West,1107.0,False,False,False,"[[0, 0, 0, 0, 0, 0, 0, 0, 0, 0, 0], [0, 1, 1, 1, 1, 1, 1, 1, 1, 1, 0], [0, 1, 0, 0, 0, 5, 0, 0, 0, 1, 0], [0, 1, 0, 1, 1, 4, 1, 1, 0, 1, 0], [0, 1, 1, 1, 0, 1, 0, 1, 1, 1, 0], [0, 0, 0, 1, 0, 1, 0, 1, 0, 0, 0], [0, 1, 1, 4, 1, 1, 2, 1, 1, 1, 0], [0, 1, 0, 1, 0, 0, 0, 1, 0, 1, 0], [0, 1, 0, 1, 0, 1, 0, 1, 0, 1, 0], [0, 1, 0, 1, 0, 1, 1, 1, 0, 1, 0], [0, 2, 0, 1, 0, 1, 1, 1, 0, 1, 0], [0, 2, 0, 1, 0, 1, 0, 1, 0, 1, 0], [0, 2, 0, 1, 0, 0, 0, 1, 0, 1, 0], [0, 2, 2, 1, 2, 1, 1, 1, 1, 1, 0], [0, 0, 0, 1, 0, 1, 0, 1, 0, 0, 0], [0, 2, 2, 1, 0, 1, 0, 1, 1, 1, 0], [0, 2, 0, 1, 1, 1, 1, 1, 0, 1, 0], [0, 2, 0, 0, 0, 1, 0, 0, 0, 1, 0], [0, 3, 2, 2, 2, 1, 1, 1, 1, 1, 0], [0, 0, 0, 0, 0, 0, 0, 0, 0, 0, 0]]"
2026-05-23T18:23:54.609329,0,North,1106.0,False,False,False,"[[0, 0, 0, 0, 0, 0, 0, 0, 0, 0, 0], [0, 1, 1, 1, 1, 5, 1, 1, 1, 1, 0], [0, 1, 0, 0, 0, 4, 0, 0, 0, 1, 0], [0, 1, 0, 1, 1, 1, 1, 1, 0, 1, 0], [0, 1, 1, 1, 0, 1, 0, 1, 1, 1, 0], [0, 0, 0, 1, 0, 1, 0, 1, 0, 0, 0], [0, 1, 4, 1, 1, 1, 2, 1, 1, 1, 0], [0, 1, 0, 1, 0, 0, 0, 1, 0, 1, 0], [0, 1, 0, 1, 0, 1, 0, 1, 0, 1, 0], [0, 1, 0, 1, 0, 1, 1, 1, 0, 1, 0], [0, 2, 0, 1, 0, 1, 1, 1, 0, 1, 0], [0, 2, 0, 1, 0, 1, 0, 1, 0, 1, 0], [0, 2, 0, 1, 0, 0, 0, 1, 0, 1, 0], [0, 2, 2, 1, 2, 1, 1, 1, 1, 1, 0], [0, 0, 0, 1, 0, 1, 0, 1, 0, 0, 0], [0, 2, 2, 1, 0, 1, 0, 1, 1, 1, 0], [0, 2, 0, 1, 1, 1, 1, 1, 0, 1, 0], [0, 2, 0, 0, 0, 1, 0, 0, 0, 1, 0], [0, 3, 2, 2, 2, 1, 1, 1, 1, 1, 0], [0, 0, 0, 0, 0, 0, 0, 0, 0, 0, 0]]"
2026-05-23T18:23:54.727793,0,North,1105.0,False,False,False,"[[0, 0, 0, 0, 0, 0, 0, 0, 0, 0, 0], [0, 1, 1, 1, 1, 4, 5, 1, 1, 1, 0], [0, 1, 0, 0, 0, 1, 0, 0, 0, 1, 0], [0, 1, 0, 1, 1, 1, 1, 1, 0, 1, 0], [0, 1, 1, 1, 0, 1, 0, 1, 1, 1, 0], [0, 0, 0, 1, 0, 1, 0, 1, 0, 0, 0], [0, 4, 1, 1, 1, 1, 2, 1, 1, 1, 0], [0, 1, 0, 1, 0, 0, 0, 1, 0, 1, 0], [0, 1, 0, 1, 0, 1, 0, 1, 0, 1, 0], [0, 1, 0, 1, 0, 1, 1, 1, 0, 1, 0], [0, 2, 0, 1, 0, 1, 1, 1, 0, 1, 0], [0, 2, 0, 1, 0, 1, 0, 1, 0, 1, 0], [0, 2, 0, 1, 0, 0, 0, 1, 0, 1, 0], [0, 2, 2, 1, 2, 1, 1, 1, 1, 1, 0], [0, 0, 0, 1, 0, 1, 0, 1, 0, 0, 0], [0, 2, 2, 1, 0, 1, 0, 1, 1, 1, 0], [0, 2, 0, 1, 1, 1, 1, 1, 0, 1, 0], [0, 2, 0, 0, 0, 1, 0, 0, 0, 1, 0], [0, 3, 2, 2, 2, 1, 1, 1, 1, 1, 0], [0, 0, 0, 0, 0, 0, 0, 0, 0, 0, 0]]"
2026-05-23T18:23:54.838243,0,North,1104.0,False,False,False,"[[0, 0, 0, 0, 0, 0, 0, 0, 0, 0, 0], [0, 1, 1, 1, 1, 1, 4, 5, 1, 1, 0], [0, 1, 0, 0, 0, 1, 0, 0, 0, 1, 0], [0, 1, 0, 1, 1, 1, 1, 1, 0, 1, 0], [0, 1, 1, 1, 0, 1, 0, 1, 1, 1, 0], [0, 0, 0, 1, 0, 1, 0, 1, 0, 0, 0], [0, 1, 1, 1, 1, 1, 2, 1, 1, 1, 0], [0, 4, 0, 1, 0, 0, 0, 1, 0, 1, 0], [0, 1, 0, 1, 0, 1, 0, 1, 0, 1, 0], [0, 1, 0, 1, 0, 1, 1, 1, 0, 1, 0], [0, 2, 0, 1, 0, 1, 1, 1, 0, 1, 0], [0, 2, 0, 1, 0, 1, 0, 1, 0, 1, 0], [0, 2, 0, 1, 0, 0, 0, 1, 0, 1, 0], [0, 2, 2, 1, 2, 1, 1, 1, 1, 1, 0], [0, 0, 0, 1, 0, 1, 0, 1, 0, 0, 0], [0, 2, 2, 1, 0, 1, 0, 1, 1, 1, 0], [0, 2, 0, 1, 1, 1, 1, 1, 0, 1, 0], [0, 2, 0, 0, 0, 1, 0, 0, 0, 1, 0], [0, 3, 2, 2, 2, 1, 1, 1, 1, 1, 0], [0, 0, 0, 0, 0, 0, 0, 0, 0, 0, 0]]"
2026-05-23T18:23:54.957442,0,North,1103.0,False,False,False,"[[0, 0, 0, 0, 0, 0, 0, 0, 0, 0, 0], [0, 1, 1, 1, 1, 1, 1, 4, 5, 1, 0], [0, 1, 0, 0, 0, 1, 0, 0, 0, 1, 0], [0, 1, 0, 1, 1, 1, 1, 1, 0, 1, 0], [0, 1, 1, 1, 0, 1, 0, 1, 1, 1, 0], [0, 0, 0, 1, 0, 1, 0, 1, 0, 0, 0], [0, 1, 1, 1, 1, 1, 2, 1, 1, 1, 0], [0, 1, 0, 1, 0, 0, 0, 1, 0, 1, 0], [0, 4, 0, 1, 0, 1, 0, 1, 0, 1, 0], [0, 1, 0, 1, 0, 1, 1, 1, 0, 1, 0], [0, 2, 0, 1, 0, 1, 1, 1, 0, 1, 0], [0, 2, 0, 1, 0, 1, 0, 1, 0, 1, 0], [0, 2, 0, 1, 0, 0, 0, 1, 0, 1, 0], [0, 2, 2, 1, 2, 1, 1, 1, 1, 1, 0], [0, 0, 0, 1, 0, 1, 0, 1, 0, 0, 0], [0, 2, 2, 1, 0, 1, 0, 1, 1, 1, 0], [0, 2, 0, 1, 1, 1, 1, 1, 0, 1, 0], [0, 2, 0, 0, 0, 1, 0, 0, 0, 1, 0], [0, 3, 2, 2, 2, 1, 1, 1, 1, 1, 0], [0, 0, 0, 0, 0, 0, 0, 0, 0, 0, 0]]"
2026-05-23T18:23:55.072979,0,East,1102.0,False,False,False,"[[0, 0, 0, 0, 0, 0, 0, 0, 0, 0, 0], [0, 1, 1, 1, 1, 1, 1, 1, 4, 5, 0], [0, 1, 0, 0, 0, 1, 0, 0, 0, 1, 0], [0, 1, 0, 1, 1, 1, 1, 1, 0, 1, 0], [0, 1, 1, 1, 0, 1, 0, 1, 1, 1, 0], [0, 0, 0, 1, 0, 1, 0, 1, 0, 0, 0], [0, 1, 1, 1, 1, 1, 2, 1, 1, 1, 0], [0, 1, 0, 1, 0, 0, 0, 1, 0, 1, 0], [0, 1, 0, 1, 0, 1, 0, 1, 0, 1, 0], [0, 4, 0, 1, 0, 1, 1, 1, 0, 1, 0], [0, 2, 0, 1, 0, 1, 1, 1, 0, 1, 0], [0, 2, 0, 1, 0, 1, 0, 1, 0, 1, 0], [0, 2, 0, 1, 0, 0, 0, 1, 0, 1, 0], [0, 2, 2, 1, 2, 1, 1, 1, 1, 1, 0], [0, 0, 0, 1, 0, 1, 0, 1, 0, 0, 0], [0, 2, 2, 1, 0, 1, 0, 1, 1, 1, 0], [0, 2, 0, 1, 1, 1, 1, 1, 0, 1, 0], [0, 2, 0, 0, 0, 1, 0, 0, 0, 1, 0], [0, 3, 2, 2, 2, 1, 1, 1, 1, 1, 0], [0, 0, 0, 0, 0, 0, 0, 0, 0, 0, 0]]"
2026-05-23T18:23:55.186602,0,East,1101.0,False,False,False,"[[0, 0, 0, 0, 0, 0, 0, 0, 0, 0, 0], [0, 1, 1, 1, 1, 1, 1, 1, 1, 4, 0], [0, 1, 0, 0, 0, 1, 0, 0, 0, 5, 0], [0, 1, 0, 1, 1, 1, 1, 1, 0, 1, 0], [0, 1, 1, 1, 0, 1, 0, 1, 1, 1, 0], [0, 0, 0, 1, 0, 1, 0, 1, 0, 0, 0], [0, 1, 1, 1, 1, 1, 2, 1, 1, 1, 0], [0, 1, 0, 1, 0, 0, 0, 1, 0, 1, 0], [0, 1, 0, 1, 0, 1, 0, 1, 0, 1, 0], [0, 1, 0, 1, 0, 1, 1, 1, 0, 1, 0], [0, 4, 0, 1, 0, 1, 1, 1, 0, 1, 0], [0, 2, 0, 1, 0, 1, 0, 1, 0, 1, 0], [0, 2, 0, 1, 0, 0, 0, 1, 0, 1, 0], [0, 2, 2, 1, 2, 1, 1, 1, 1, 1, 0], [0, 0, 0, 1, 0, 1, 0, 1, 0, 0, 0], [0, 2, 2, 1, 0, 1, 0, 1, 1, 1, 0], [0, 2, 0, 1, 1, 1, 1, 1, 0, 1, 0], [0, 2, 0, 0, 0, 1, 0, 0, 0, 1, 0], [0, 3, 2, 2, 2, 1, 1, 1, 1, 1, 0], [0, 0, 0, 0, 0, 0, 0, 0, 0, 0, 0]]"
2026-05-23T18:23:55.301602,0,East,1100.0,False,False,False,"[[0, 0, 0, 0, 0, 0, 0, 0, 0, 0, 0], [0, 1, 1, 1, 1, 1, 1, 1, 1, 1, 0], [0, 1, 0, 0, 0, 1, 0, 0, 0, 4, 0], [0, 1, 0, 1, 1, 1, 1, 1, 0, 5, 0], [0, 1, 1, 1, 0, 1, 0, 1, 1, 1, 0], [0, 0, 0, 1, 0, 1, 0, 1, 0, 0, 0], [0, 1, 1, 1, 1, 1, 2, 1, 1, 1, 0], [0, 1, 0, 1, 0, 0, 0, 1, 0, 1, 0], [0, 1, 0, 1, 0, 1, 0, 1, 0, 1, 0], [0, 1, 0, 1, 0, 1, 1, 1, 0, 1, 0], [0, 2, 0, 1, 0, 1, 1, 1, 0, 1, 0], [0, 4, 0, 1, 0, 1, 0, 1, 0, 1, 0], [0, 2, 0, 1, 0, 0, 0, 1, 0, 1, 0], [0, 2, 2, 1, 2, 1, 1, 1, 1, 1, 0], [0, 0, 0, 1, 0, 1, 0, 1, 0, 0, 0], [0, 2, 2, 1, 0, 1, 0, 1, 1, 1, 0], [0, 2, 0, 1, 1, 1, 1, 1, 0, 1, 0], [0, 2, 0, 0, 0, 1, 0, 0, 0, 1, 0], [0, 3, 2, 2, 2, 1, 1, 1, 1, 1, 0], [0, 0, 0, 0, 0, 0, 0, 0, 0, 0, 0]]"
2026-05-23T18:23:55.416791,0,South,1099.0,False,False,False,"[[0, 0, 0, 0, 0, 0, 0, 0, 0, 0, 0], [0, 1, 1, 1, 1, 1, 1, 1, 1, 1, 0], [0, 1, 0, 0, 0, 1, 0, 0, 0, 1, 0], [0, 1, 0, 1, 1, 1, 1, 1, 0, 4, 0], [0, 1, 1, 1, 0, 1, 0, 1, 1, 5, 0], [0, 0, 0, 1, 0, 1, 0, 1, 0, 0, 0], [0, 1, 1, 1, 1, 1, 2, 1, 1, 1, 0], [0, 1, 0, 1, 0, 0, 0, 1, 0, 1, 0], [0, 1, 0, 1, 0, 1, 0, 1, 0, 1, 0], [0, 1, 0, 1, 0, 1, 1, 1, 0, 1, 0], [0, 2, 0, 1, 0, 1, 1, 1, 0, 1, 0], [0, 2, 0, 1, 0, 1, 0, 1, 0, 1, 0], [0, 4, 0, 1, 0, 0, 0, 1, 0, 1, 0], [0, 2, 2, 1, 2, 1, 1, 1, 1, 1, 0], [0, 0, 0, 1, 0, 1, 0, 1, 0, 0, 0], [0, 2, 2, 1, 0, 1, 0, 1, 1, 1, 0], [0, 2, 0, 1, 1, 1, 1, 1, 0, 1, 0], [0, 2, 0, 0, 0, 1, 0, 0, 0, 1, 0], [0, 3, 2, 2, 2, 1, 1, 1, 1, 1, 0], [0, 0, 0, 0, 0, 0, 0, 0, 0, 0, 0]]"
2026-05-23T18:23:55.537147,0,South,1098.0,False,False,False,"[[0, 0, 0, 0, 0, 0, 0, 0, 0, 0, 0], [0, 1, 1, 1, 1, 1, 1, 1, 1, 1, 0], [0, 1, 0, 0, 0, 1, 0, 0, 0, 1, 0], [0, 1, 0, 1, 1, 1, 1, 1, 0, 1, 0], [0, 1, 1, 1, 0, 1, 0, 1, 5, 4, 0], [0, 0, 0, 1, 0, 1, 0, 1, 0, 0, 0], [0, 1, 1, 1, 1, 1, 2, 1, 1, 1, 0], [0, 1, 0, 1, 0, 0, 0, 1, 0, 1, 0], [0, 1, 0, 1, 0, 1, 0, 1, 0, 1, 0], [0, 1, 0, 1, 0, 1, 1, 1, 0, 1, 0], [0, 2, 0, 1, 0, 1, 1, 1, 0, 1, 0], [0, 2, 0, 1, 0, 1, 0, 1, 0, 1, 0], [0, 2, 0, 1, 0, 0, 0, 1, 0, 1, 0], [0, 4, 2, 1, 2, 1, 1, 1, 1, 1, 0], [0, 0, 0, 1, 0, 1, 0, 1, 0, 0, 0], [0, 2, 2, 1, 0, 1, 0, 1, 1, 1, 0], [0, 2, 0, 1, 1, 1, 1, 1, 0, 1, 0], [0, 2, 0, 0, 0, 1, 0, 0, 0, 1, 0], [0, 3, 2, 2, 2, 1, 1, 1, 1, 1, 0], [0, 0, 0, 0, 0, 0, 0, 0, 0, 0, 0]]"
2026-05-23T18:23:55.654410,0,West,1097.0,False,False,False,"[[0, 0, 0, 0, 0, 0, 0, 0, 0, 0, 0], [0, 1, 1, 1, 1, 1, 1, 1, 1, 1, 0], [0, 1, 0, 0, 0, 1, 0, 0, 0, 1, 0], [0, 1, 0, 1, 1, 1, 1, 1, 0, 1, 0], [0, 1, 1, 1, 0, 1, 0, 5, 4, 1, 0], [0, 0, 0, 1, 0, 1, 0, 1, 0, 0, 0], [0, 1, 1, 1, 1, 1, 2, 1, 1, 1, 0], [0, 1, 0, 1, 0, 0, 0, 1, 0, 1, 0], [0, 1, 0, 1, 0, 1, 0, 1, 0, 1, 0], [0, 1, 0, 1, 0, 1, 1, 1, 0, 1, 0], [0, 2, 0, 1, 0, 1, 1, 1, 0, 1, 0], [0, 2, 0, 1, 0, 1, 0, 1, 0, 1, 0], [0, 2, 0, 1, 0, 0, 0, 1, 0, 1, 0], [0, 2, 4, 1, 2, 1, 1, 1, 1, 1, 0], [0, 0, 0, 1, 0, 1, 0, 1, 0, 0, 0], [0, 2, 2, 1, 0, 1, 0, 1, 1, 1, 0], [0, 2, 0, 1, 1, 1, 1, 1, 0, 1, 0], [0, 2, 0, 0, 0, 1, 0, 0, 0, 1, 0], [0, 3, 2, 2, 2, 1, 1, 1, 1, 1, 0], [0, 0, 0, 0, 0, 0, 0, 0, 0, 0, 0]]"
2026-05-23T18:23:55.773219,0,South,1096.0,False,False,False,"[[0, 0, 0, 0, 0, 0, 0, 0, 0, 0, 0], [0, 1, 1, 1, 1, 1, 1, 1, 1, 1, 0], [0, 1, 0, 0, 0, 1, 0, 0, 0, 1, 0], [0, 1, 0, 1, 1, 1, 1, 5, 0, 1, 0], [0, 1, 1, 1, 0, 1, 0, 4, 1, 1, 0], [0, 0, 0, 1, 0, 1, 0, 1, 0, 0, 0], [0, 1, 1, 1, 1, 1, 2, 1, 1, 1, 0], [0, 1, 0, 1, 0, 0, 0, 1, 0, 1, 0], [0, 1, 0, 1, 0, 1, 0, 1, 0, 1, 0], [0, 1, 0, 1, 0, 1, 1, 1, 0, 1, 0], [0, 2, 0, 1, 0, 1, 1, 1, 0, 1, 0], [0, 2, 0, 1, 0, 1, 0, 1, 0, 1, 0], [0, 2, 0, 1, 0, 0, 0, 1, 0, 1, 0], [0, 2, 2, 4, 2, 1, 1, 1, 1, 1, 0], [0, 0, 0, 1, 0, 1, 0, 1, 0, 0, 0], [0, 2, 2, 1, 0, 1, 0, 1, 1, 1, 0], [0, 2, 0, 1, 1, 1, 1, 1, 0, 1, 0], [0, 2, 0, 0, 0, 1, 0, 0, 0, 1, 0], [0, 3, 2, 2, 2, 1, 1, 1, 1, 1, 0], [0, 0, 0, 0, 0, 0, 0, 0, 0, 0, 0]]"
2026-05-23T18:23:55.887243,0,South,1095.0,False,False,False,"[[0, 0, 0, 0, 0, 0, 0, 0, 0, 0, 0], [0, 1, 1, 1, 1, 1, 1, 1, 1, 1, 0], [0, 1, 0, 0, 0, 1, 0, 0, 0, 1, 0], [0, 1, 0, 1, 1, 1, 5, 4, 0, 1, 0], [0, 1, 1, 1, 0, 1, 0, 1, 1, 1, 0], [0, 0, 0, 1, 0, 1, 0, 1, 0, 0, 0], [0, 1, 1, 1, 1, 1, 2, 1, 1, 1, 0], [0, 1, 0, 1, 0, 0, 0, 1, 0, 1, 0], [0, 1, 0, 1, 0, 1, 0, 1, 0, 1, 0], [0, 1, 0, 1, 0, 1, 1, 1, 0, 1, 0], [0, 2, 0, 1, 0, 1, 1, 1, 0, 1, 0], [0, 2, 0, 1, 0, 1, 0, 1, 0, 1, 0], [0, 2, 0, 4, 0, 0, 0, 1, 0, 1, 0], [0, 2, 2, 1, 2, 1, 1, 1, 1, 1, 0], [0, 0, 0, 1, 0, 1, 0, 1, 0, 0, 0], [0, 2, 2, 1, 0, 1, 0, 1, 1, 1, 0], [0, 2, 0, 1, 1, 1, 1, 1, 0, 1, 0], [0, 2, 0, 0, 0, 1, 0, 0, 0, 1, 0], [0, 3, 2, 2, 2, 1, 1, 1, 1, 1, 0], [0, 0, 0, 0, 0, 0, 0, 0, 0, 0, 0]]"
2026-05-23T18:23:56.006401,0,West,1094.0,False,False,False,"[[0, 0, 0, 0, 0, 0, 0, 0, 0, 0, 0], [0, 1, 1, 1, 1, 1, 1, 1, 1, 1, 0], [0, 1, 0, 0, 0, 1, 0, 0, 0, 1, 0], [0, 1, 0, 1, 1, 5, 4, 1, 0, 1, 0], [0, 1, 1, 1, 0, 1, 0, 1, 1, 1, 0], [0, 0, 0, 1, 0, 1, 0, 1, 0, 0, 0], [0, 1, 1, 1, 1, 1, 2, 1, 1, 1, 0], [0, 1, 0, 1, 0, 0, 0, 1, 0, 1, 0], [0, 1, 0, 1, 0, 1, 0, 1, 0, 1, 0], [0, 1, 0, 1, 0, 1, 1, 1, 0, 1, 0], [0, 2, 0, 1, 0, 1, 1, 1, 0, 1, 0], [0, 2, 0, 4, 0, 1, 0, 1, 0, 1, 0], [0, 2, 0, 1, 0, 0, 0, 1, 0, 1, 0], [0, 2, 2, 1, 2, 1, 1, 1, 1, 1, 0], [0, 0, 0, 1, 0, 1, 0, 1, 0, 0, 0], [0, 2, 2, 1, 0, 1, 0, 1, 1, 1, 0], [0, 2, 0, 1, 1, 1, 1, 1, 0, 1, 0], [0, 2, 0, 0, 0, 1, 0, 0, 0, 1, 0], [0, 3, 2, 2, 2, 1, 1, 1, 1, 1, 0], [0, 0, 0, 0, 0, 0, 0, 0, 0, 0, 0]]"
2026-05-23T18:23:56.122252,0,West,1093.0,False,False,False,"[[0, 0, 0, 0, 0, 0, 0, 0, 0, 0, 0], [0, 1, 1, 1, 1, 1, 1, 1, 1, 1, 0], [0, 1, 0, 0, 0, 5, 0, 0, 0, 1, 0], [0, 1, 0, 1, 1, 4, 1, 1, 0, 1, 0], [0, 1, 1, 1, 0, 1, 0, 1, 1, 1, 0], [0, 0, 0, 1, 0, 1, 0, 1, 0, 0, 0], [0, 1, 1, 1, 1, 1, 2, 1, 1, 1, 0], [0, 1, 0, 1, 0, 0, 0, 1, 0, 1, 0], [0, 1, 0, 1, 0, 1, 0, 1, 0, 1, 0], [0, 1, 0, 1, 0, 1, 1, 1, 0, 1, 0], [0, 2, 0, 4, 0, 1, 1, 1, 0, 1, 0], [0, 2, 0, 1, 0, 1, 0, 1, 0, 1, 0], [0, 2, 0, 1, 0, 0, 0, 1, 0, 1, 0], [0, 2, 2, 1, 2, 1, 1, 1, 1, 1, 0], [0, 0, 0, 1, 0, 1, 0, 1, 0, 0, 0], [0, 2, 2, 1, 0, 1, 0, 1, 1, 1, 0], [0, 2, 0, 1, 1, 1, 1, 1, 0, 1, 0], [0, 2, 0, 0, 0, 1, 0, 0, 0, 1, 0], [0, 3, 2, 2, 2, 1, 1, 1, 1, 1, 0], [0, 0, 0, 0, 0, 0, 0, 0, 0, 0, 0]]"
2026-05-23T18:23:56.235789,0,North,1092.0,False,False,False,"[[0, 0, 0, 0, 0, 0, 0, 0, 0, 0, 0], [0, 1, 1, 1, 1, 5, 1, 1, 1, 1, 0], [0, 1, 0, 0, 0, 4, 0, 0, 0, 1, 0], [0, 1, 0, 1, 1, 1, 1, 1, 0, 1, 0], [0, 1, 1, 1, 0, 1, 0, 1, 1, 1, 0], [0, 0, 0, 1, 0, 1, 0, 1, 0, 0, 0], [0, 1, 1, 1, 1, 1, 2, 1, 1, 1, 0], [0, 1, 0, 1, 0, 0, 0, 1, 0, 1, 0], [0, 1, 0, 1, 0, 1, 0, 1, 0, 1, 0], [0, 1, 0, 4, 0, 1, 1, 1, 0, 1, 0], [0, 2, 0, 1, 0, 1, 1, 1, 0, 1, 0], [0, 2, 0, 1, 0, 1, 0, 1, 0, 1, 0], [0, 2, 0, 1, 0, 0, 0, 1, 0, 1, 0], [0, 2, 2, 1, 2, 1, 1, 1, 1, 1, 0], [0, 0, 0, 1, 0, 1, 0, 1, 0, 0, 0], [0, 2, 2, 1, 0, 1, 0, 1, 1, 1, 0], [0, 2, 0, 1, 1, 1, 1, 1, 0, 1, 0], [0, 2, 0, 0, 0, 1, 0, 0, 0, 1, 0], [0, 3, 2, 2, 2, 1, 1, 1, 1, 1, 0], [0, 0, 0, 0, 0, 0, 0, 0, 0, 0, 0]]"
2026-05-23T18:23:56.351040,0,North,1091.0,False,False,False,"[[0, 0, 0, 0, 0, 0, 0, 0, 0, 0, 0], [0, 1, 1, 1, 1, 4, 5, 1, 1, 1, 0], [0, 1, 0, 0, 0, 1, 0, 0, 0, 1, 0], [0, 1, 0, 1, 1, 1, 1, 1, 0, 1, 0], [0, 1, 1, 1, 0, 1, 0, 1, 1, 1, 0], [0, 0, 0, 1, 0, 1, 0, 1, 0, 0, 0], [0, 1, 1, 1, 1, 1, 2, 1, 1, 1, 0], [0, 1, 0, 1, 0, 0, 0, 1, 0, 1, 0], [0, 1, 0, 4, 0, 1, 0, 1, 0, 1, 0], [0, 1, 0, 1, 0, 1, 1, 1, 0, 1, 0], [0, 2, 0, 1, 0, 1, 1, 1, 0, 1, 0], [0, 2, 0, 1, 0, 1, 0, 1, 0, 1, 0], [0, 2, 0, 1, 0, 0, 0, 1, 0, 1, 0], [0, 2, 2, 1, 2, 1, 1, 1, 1, 1, 0], [0, 0, 0, 1, 0, 1, 0, 1, 0, 0, 0], [0, 2, 2, 1, 0, 1, 0, 1, 1, 1, 0], [0, 2, 0, 1, 1, 1, 1, 1, 0, 1, 0], [0, 2, 0, 0, 0, 1, 0, 0, 0, 1, 0], [0, 3, 2, 2, 2, 1, 1, 1, 1, 1, 0], [0, 0, 0, 0, 0, 0, 0, 0, 0, 0, 0]]"
2026-05-23T18:23:56.467567,0,Stop,1090.0,False,False,False,"[[0, 0, 0, 0, 0, 0, 0, 0, 0, 0, 0], [0, 1, 1, 1, 4, 1, 1, 5, 1, 1, 0], [0, 1, 0, 0, 0, 1, 0, 0, 0, 1, 0], [0, 1, 0, 1, 1, 1, 1, 1, 0, 1, 0], [0, 1, 1, 1, 0, 1, 0, 1, 1, 1, 0], [0, 0, 0, 1, 0, 1, 0, 1, 0, 0, 0], [0, 1, 1, 1, 1, 1, 2, 1, 1, 1, 0], [0, 1, 0, 4, 0, 0, 0, 1, 0, 1, 0], [0, 1, 0, 1, 0, 1, 0, 1, 0, 1, 0], [0, 1, 0, 1, 0, 1, 1, 1, 0, 1, 0], [0, 2, 0, 1, 0, 1, 1, 1, 0, 1, 0], [0, 2, 0, 1, 0, 1, 0, 1, 0, 1, 0], [0, 2, 0, 1, 0, 0, 0, 1, 0, 1, 0], [0, 2, 2, 1, 2, 1, 1, 1, 1, 1, 0], [0, 0, 0, 1, 0, 1, 0, 1, 0, 0, 0], [0, 2, 2, 1, 0, 1, 0, 1, 1, 1, 0], [0, 2, 0, 1, 1, 1, 1, 1, 0, 1, 0], [0, 2, 0, 0, 0, 1, 0, 0, 0, 1, 0], [0, 3, 2, 2, 2, 1, 1, 1, 1, 1, 0], [0, 0, 0, 0, 0, 0, 0, 0, 0, 0, 0]]"
2026-05-23T18:23:56.586943,0,Stop,1089.0,False,False,False,"[[0, 0, 0, 0, 0, 0, 0, 0, 0, 0, 0], [0, 1, 1, 4, 1, 1, 1, 5, 1, 1, 0], [0, 1, 0, 0, 0, 1, 0, 0, 0, 1, 0], [0, 1, 0, 1, 1, 1, 1, 1, 0, 1, 0], [0, 1, 1, 1, 0, 1, 0, 1, 1, 1, 0], [0, 0, 0, 1, 0, 1, 0, 1, 0, 0, 0], [0, 1, 1, 4, 1, 1, 2, 1, 1, 1, 0], [0, 1, 0, 1, 0, 0, 0, 1, 0, 1, 0], [0, 1, 0, 1, 0, 1, 0, 1, 0, 1, 0], [0, 1, 0, 1, 0, 1, 1, 1, 0, 1, 0], [0, 2, 0, 1, 0, 1, 1, 1, 0, 1, 0], [0, 2, 0, 1, 0, 1, 0, 1, 0, 1, 0], [0, 2, 0, 1, 0, 0, 0, 1, 0, 1, 0], [0, 2, 2, 1, 2, 1, 1, 1, 1, 1, 0], [0, 0, 0, 1, 0, 1, 0, 1, 0, 0, 0], [0, 2, 2, 1, 0, 1, 0, 1, 1, 1, 0], [0, 2, 0, 1, 1, 1, 1, 1, 0, 1, 0], [0, 2, 0, 0, 0, 1, 0, 0, 0, 1, 0], [0, 3, 2, 2, 2, 1, 1, 1, 1, 1, 0], [0, 0, 0, 0, 0, 0, 0, 0, 0, 0, 0]]"
2026-05-23T18:23:56.705050,0,Stop,1088.0,False,False,False,"[[0, 0, 0, 0, 0, 0, 0, 0, 0, 0, 0], [0, 1, 4, 1, 1, 1, 1, 5, 1, 1, 0], [0, 1, 0, 0, 0, 1, 0, 0, 0, 1, 0], [0, 1, 0, 1, 1, 1, 1, 1, 0, 1, 0], [0, 1, 1, 1, 0, 1, 0, 1, 1, 1, 0], [0, 0, 0, 1, 0, 1, 0, 1, 0, 0, 0], [0, 1, 1, 1, 4, 1, 2, 1, 1, 1, 0], [0, 1, 0, 1, 0, 0, 0, 1, 0, 1, 0], [0, 1, 0, 1, 0, 1, 0, 1, 0, 1, 0], [0, 1, 0, 1, 0, 1, 1, 1, 0, 1, 0], [0, 2, 0, 1, 0, 1, 1, 1, 0, 1, 0], [0, 2, 0, 1, 0, 1, 0, 1, 0, 1, 0], [0, 2, 0, 1, 0, 0, 0, 1, 0, 1, 0], [0, 2, 2, 1, 2, 1, 1, 1, 1, 1, 0], [0, 0, 0, 1, 0, 1, 0, 1, 0, 0, 0], [0, 2, 2, 1, 0, 1, 0, 1, 1, 1, 0], [0, 2, 0, 1, 1, 1, 1, 1, 0, 1, 0], [0, 2, 0, 0, 0, 1, 0, 0, 0, 1, 0], [0, 3, 2, 2, 2, 1, 1, 1, 1, 1, 0], [0, 0, 0, 0, 0, 0, 0, 0, 0, 0, 0]]"
2026-05-23T18:23:56.823073,0,Stop,1087.0,False,False,False,"[[0, 0, 0, 0, 0, 0, 0, 0, 0, 0, 0], [0, 4, 1, 1, 1, 1, 1, 5, 1, 1, 0], [0, 1, 0, 0, 0, 1, 0, 0, 0, 1, 0], [0, 1, 0, 1, 1, 1, 1, 1, 0, 1, 0], [0, 1, 1, 1, 0, 1, 0, 1, 1, 1, 0], [0, 0, 0, 1, 0, 1, 0, 1, 0, 0, 0], [0, 1, 1, 1, 1, 4, 2, 1, 1, 1, 0], [0, 1, 0, 1, 0, 0, 0, 1, 0, 1, 0], [0, 1, 0, 1, 0, 1, 0, 1, 0, 1, 0], [0, 1, 0, 1, 0, 1, 1, 1, 0, 1, 0], [0, 2, 0, 1, 0, 1, 1, 1, 0, 1, 0], [0, 2, 0, 1, 0, 1, 0, 1, 0, 1, 0], [0, 2, 0, 1, 0, 0, 0, 1, 0, 1, 0], [0, 2, 2, 1, 2, 1, 1, 1, 1, 1, 0], [0, 0, 0, 1, 0, 1, 0, 1, 0, 0, 0], [0, 2, 2, 1, 0, 1, 0, 1, 1, 1, 0], [0, 2, 0, 1, 1, 1, 1, 1, 0, 1, 0], [0, 2, 0, 0, 0, 1, 0, 0, 0, 1, 0], [0, 3, 2, 2, 2, 1, 1, 1, 1, 1, 0], [0, 0, 0, 0, 0, 0, 0, 0, 0, 0, 0]]"
2026-05-23T18:23:56.939729,0,Stop,1086.0,False,False,False,"[[0, 0, 0, 0, 0, 0, 0, 0, 0, 0, 0], [0, 1, 1, 1, 1, 1, 1, 5, 1, 1, 0], [0, 4, 0, 0, 0, 1, 0, 0, 0, 1, 0], [0, 1, 0, 1, 1, 1, 1, 1, 0, 1, 0], [0, 1, 1, 1, 0, 1, 0, 1, 1, 1, 0], [0, 0, 0, 1, 0, 4, 0, 1, 0, 0, 0], [0, 1, 1, 1, 1, 1, 2, 1, 1, 1, 0], [0, 1, 0, 1, 0, 0, 0, 1, 0, 1, 0], [0, 1, 0, 1, 0, 1, 0, 1, 0, 1, 0], [0, 1, 0, 1, 0, 1, 1, 1, 0, 1, 0], [0, 2, 0, 1, 0, 1, 1, 1, 0, 1, 0], [0, 2, 0, 1, 0, 1, 0, 1, 0, 1, 0], [0, 2, 0, 1, 0, 0, 0, 1, 0, 1, 0], [0, 2, 2, 1, 2, 1, 1, 1, 1, 1, 0], [0, 0, 0, 1, 0, 1, 0, 1, 0, 0, 0], [0, 2, 2, 1, 0, 1, 0, 1, 1, 1, 0], [0, 2, 0, 1, 1, 1, 1, 1, 0, 1, 0], [0, 2, 0, 0, 0, 1, 0, 0, 0, 1, 0], [0, 3, 2, 2, 2, 1, 1, 1, 1, 1, 0], [0, 0, 0, 0, 0, 0, 0, 0, 0, 0, 0]]"
2026-05-23T18:23:57.058204,0,Stop,1085.0,False,False,False,"[[0, 0, 0, 0, 0, 0, 0, 0, 0, 0, 0], [0, 1, 1, 1, 1, 1, 1, 5, 1, 1, 0], [0, 1, 0, 0, 0, 1, 0, 0, 0, 1, 0], [0, 4, 0, 1, 1, 1, 1, 1, 0, 1, 0], [0, 1, 1, 1, 0, 4, 0, 1, 1, 1, 0], [0, 0, 0, 1, 0, 1, 0, 1, 0, 0, 0], [0, 1, 1, 1, 1, 1, 2, 1, 1, 1, 0], [0, 1, 0, 1, 0, 0, 0, 1, 0, 1, 0], [0, 1, 0, 1, 0, 1, 0, 1, 0, 1, 0], [0, 1, 0, 1, 0, 1, 1, 1, 0, 1, 0], [0, 2, 0, 1, 0, 1, 1, 1, 0, 1, 0], [0, 2, 0, 1, 0, 1, 0, 1, 0, 1, 0], [0, 2, 0, 1, 0, 0, 0, 1, 0, 1, 0], [0, 2, 2, 1, 2, 1, 1, 1, 1, 1, 0], [0, 0, 0, 1, 0, 1, 0, 1, 0, 0, 0], [0, 2, 2, 1, 0, 1, 0, 1, 1, 1, 0], [0, 2, 0, 1, 1, 1, 1, 1, 0, 1, 0], [0, 2, 0, 0, 0, 1, 0, 0, 0, 1, 0], [0, 3, 2, 2, 2, 1, 1, 1, 1, 1, 0], [0, 0, 0, 0, 0, 0, 0, 0, 0, 0, 0]]"
2026-05-23T18:23:57.174944,0,Stop,1084.0,False,False,False,"[[0, 0, 0, 0, 0, 0, 0, 0, 0, 0, 0], [0, 1, 1, 1, 1, 1, 1, 5, 1, 1, 0], [0, 1, 0, 0, 0, 1, 0, 0, 0, 1, 0], [0, 1, 0, 1, 1, 4, 1, 1, 0, 1, 0], [0, 4, 1, 1, 0, 1, 0, 1, 1, 1, 0], [0, 0, 0, 1, 0, 1, 0, 1, 0, 0, 0], [0, 1, 1, 1, 1, 1, 2, 1, 1, 1, 0], [0, 1, 0, 1, 0, 0, 0, 1, 0, 1, 0], [0, 1, 0, 1, 0, 1, 0, 1, 0, 1, 0], [0, 1, 0, 1, 0, 1, 1, 1, 0, 1, 0], [0, 2, 0, 1, 0, 1, 1, 1, 0, 1, 0], [0, 2, 0, 1, 0, 1, 0, 1, 0, 1, 0], [0, 2, 0, 1, 0, 0, 0, 1, 0, 1, 0], [0, 2, 2, 1, 2, 1, 1, 1, 1, 1, 0], [0, 0, 0, 1, 0, 1, 0, 1, 0, 0, 0], [0, 2, 2, 1, 0, 1, 0, 1, 1, 1, 0], [0, 2, 0, 1, 1, 1, 1, 1, 0, 1, 0], [0, 2, 0, 0, 0, 1, 0, 0, 0, 1, 0], [0, 3, 2, 2, 2, 1, 1, 1, 1, 1, 0], [0, 0, 0, 0, 0, 0, 0, 0, 0, 0, 0]]"
2026-05-23T18:23:57.291512,0,Stop,1083.0,False,False,False,"[[0, 0, 0, 0, 0, 0, 0, 0, 0, 0, 0], [0, 1, 1, 1, 1, 1, 1, 5, 1, 1, 0], [0, 1, 0, 0, 0, 1, 0, 0, 0, 1, 0], [0, 1, 0, 1, 1, 1, 4, 1, 0, 1, 0], [0, 1, 4, 1, 0, 1, 0, 1, 1, 1, 0], [0, 0, 0, 1, 0, 1, 0, 1, 0, 0, 0], [0, 1, 1, 1, 1, 1, 2, 1, 1, 1, 0], [0, 1, 0, 1, 0, 0, 0, 1, 0, 1, 0], [0, 1, 0, 1, 0, 1, 0, 1, 0, 1, 0], [0, 1, 0, 1, 0, 1, 1, 1, 0, 1, 0], [0, 2, 0, 1, 0, 1, 1, 1, 0, 1, 0], [0, 2, 0, 1, 0, 1, 0, 1, 0, 1, 0], [0, 2, 0, 1, 0, 0, 0, 1, 0, 1, 0], [0, 2, 2, 1, 2, 1, 1, 1, 1, 1, 0], [0, 0, 0, 1, 0, 1, 0, 1, 0, 0, 0], [0, 2, 2, 1, 0, 1, 0, 1, 1, 1, 0], [0, 2, 0, 1, 1, 1, 1, 1, 0, 1, 0], [0, 2, 0, 0, 0, 1, 0, 0, 0, 1, 0], [0, 3, 2, 2, 2, 1, 1, 1, 1, 1, 0], [0, 0, 0, 0, 0, 0, 0, 0, 0, 0, 0]]"
2026-05-23T18:23:57.409797,0,Stop,1082.0,False,False,False,"[[0, 0, 0, 0, 0, 0, 0, 0, 0, 0, 0], [0, 1, 1, 1, 1, 1, 1, 5, 1, 1, 0], [0, 1, 0, 0, 0, 1, 0, 0, 0, 1, 0], [0, 1, 0, 1, 1, 1, 1, 4, 0, 1, 0], [0, 1, 1, 4, 0, 1, 0, 1, 1, 1, 0], [0, 0, 0, 1, 0, 1, 0, 1, 0, 0, 0], [0, 1, 1, 1, 1, 1, 2, 1, 1, 1, 0], [0, 1, 0, 1, 0, 0, 0, 1, 0, 1, 0], [0, 1, 0, 1, 0, 1, 0, 1, 0, 1, 0], [0, 1, 0, 1, 0, 1, 1, 1, 0, 1, 0], [0, 2, 0, 1, 0, 1, 1, 1, 0, 1, 0], [0, 2, 0, 1, 0, 1, 0, 1, 0, 1, 0], [0, 2, 0, 1, 0, 0, 0, 1, 0, 1, 0], [0, 2, 2, 1, 2, 1, 1, 1, 1, 1, 0], [0, 0, 0, 1, 0, 1, 0, 1, 0, 0, 0], [0, 2, 2, 1, 0, 1, 0, 1, 1, 1, 0], [0, 2, 0, 1, 1, 1, 1, 1, 0, 1, 0], [0, 2, 0, 0, 0, 1, 0, 0, 0, 1, 0], [0, 3, 2, 2, 2, 1, 1, 1, 1, 1, 0], [0, 0, 0, 0, 0, 0, 0, 0, 0, 0, 0]]"
2026-05-23T18:23:57.529356,0,Stop,1081.0,False,False,False,"[[0, 0, 0, 0, 0, 0, 0, 0, 0, 0, 0], [0, 1, 1, 1, 1, 1, 1, 5, 1, 1, 0], [0, 1, 0, 0, 0, 1, 0, 0, 0, 1, 0], [0, 1, 0, 4, 1, 1, 1, 1, 0, 1, 0], [0, 1, 1, 1, 0, 1, 0, 4, 1, 1, 0], [0, 0, 0, 1, 0, 1, 0, 1, 0, 0, 0], [0, 1, 1, 1, 1, 1, 2, 1, 1, 1, 0], [0, 1, 0, 1, 0, 0, 0, 1, 0, 1, 0], [0, 1, 0, 1, 0, 1, 0, 1, 0, 1, 0], [0, 1, 0, 1, 0, 1, 1, 1, 0, 1, 0], [0, 2, 0, 1, 0, 1, 1, 1, 0, 1, 0], [0, 2, 0, 1, 0, 1, 0, 1, 0, 1, 0], [0, 2, 0, 1, 0, 0, 0, 1, 0, 1, 0], [0, 2, 2, 1, 2, 1, 1, 1, 1, 1, 0], [0, 0, 0, 1, 0, 1, 0, 1, 0, 0, 0], [0, 2, 2, 1, 0, 1, 0, 1, 1, 1, 0], [0, 2, 0, 1, 1, 1, 1, 1, 0, 1, 0], [0, 2, 0, 0, 0, 1, 0, 0, 0, 1, 0], [0, 3, 2, 2, 2, 1, 1, 1, 1, 1, 0], [0, 0, 0, 0, 0, 0, 0, 0, 0, 0, 0]]"
2026-05-23T18:23:57.648326,0,Stop,1080.0,False,False,False,"[[0, 0, 0, 0, 0, 0, 0, 0, 0, 0, 0], [0, 1, 1, 1, 1, 1, 1, 5, 1, 1, 0], [0, 1, 0, 0, 0, 1, 0, 0, 0, 1, 0], [0, 1, 0, 1, 4, 1, 1, 1, 0, 1, 0], [0, 1, 1, 1, 0, 1, 0, 1, 4, 1, 0], [0, 0, 0, 1, 0, 1, 0, 1, 0, 0, 0], [0, 1, 1, 1, 1, 1, 2, 1, 1, 1, 0], [0, 1, 0, 1, 0, 0, 0, 1, 0, 1, 0], [0, 1, 0, 1, 0, 1, 0, 1, 0, 1, 0], [0, 1, 0, 1, 0, 1, 1, 1, 0, 1, 0], [0, 2, 0, 1, 0, 1, 1, 1, 0, 1, 0], [0, 2, 0, 1, 0, 1, 0, 1, 0, 1, 0], [0, 2, 0, 1, 0, 0, 0, 1, 0, 1, 0], [0, 2, 2, 1, 2, 1, 1, 1, 1, 1, 0], [0, 0, 0, 1, 0, 1, 0, 1, 0, 0, 0], [0, 2, 2, 1, 0, 1, 0, 1, 1, 1, 0], [0, 2, 0, 1, 1, 1, 1, 1, 0, 1, 0], [0, 2, 0, 0, 0, 1, 0, 0, 0, 1, 0], [0, 3, 2, 2, 2, 1, 1, 1, 1, 1, 0], [0, 0, 0, 0, 0, 0, 0, 0, 0, 0, 0]]"
2026-05-23T18:23:57.767423,0,Stop,1079.0,False,False,False,"[[0, 0, 0, 0, 0, 0, 0, 0, 0, 0, 0], [0, 1, 1, 1, 1, 1, 1, 5, 1, 1, 0], [0, 1, 0, 0, 0, 1, 0, 0, 0, 1, 0], [0, 1, 0, 1, 1, 4, 1, 1, 0, 1, 0], [0, 1, 1, 1, 0, 1, 0, 1, 1, 4, 0], [0, 0, 0, 1, 0, 1, 0, 1, 0, 0, 0], [0, 1, 1, 1, 1, 1, 2, 1, 1, 1, 0], [0, 1, 0, 1, 0, 0, 0, 1, 0, 1, 0], [0, 1, 0, 1, 0, 1, 0, 1, 0, 1, 0], [0, 1, 0, 1, 0, 1, 1, 1, 0, 1, 0], [0, 2, 0, 1, 0, 1, 1, 1, 0, 1, 0], [0, 2, 0, 1, 0, 1, 0, 1, 0, 1, 0], [0, 2, 0, 1, 0, 0, 0, 1, 0, 1, 0], [0, 2, 2, 1, 2, 1, 1, 1, 1, 1, 0], [0, 0, 0, 1, 0, 1, 0, 1, 0, 0, 0], [0, 2, 2, 1, 0, 1, 0, 1, 1, 1, 0], [0, 2, 0, 1, 1, 1, 1, 1, 0, 1, 0], [0, 2, 0, 0, 0, 1, 0, 0, 0, 1, 0], [0, 3, 2, 2, 2, 1, 1, 1, 1, 1, 0], [0, 0, 0, 0, 0, 0, 0, 0, 0, 0, 0]]"
2026-05-23T18:23:57.884976,0,Stop,1078.0,False,False,False,"[[0, 0, 0, 0, 0, 0, 0, 0, 0, 0, 0], [0, 1, 1, 1, 1, 1, 1, 5, 1, 1, 0], [0, 1, 0, 0, 0, 1, 0, 0, 0, 1, 0], [0, 1, 0, 1, 1, 1, 4, 1, 0, 4, 0], [0, 1, 1, 1, 0, 1, 0, 1, 1, 1, 0], [0, 0, 0, 1, 0, 1, 0, 1, 0, 0, 0], [0, 1, 1, 1, 1, 1, 2, 1, 1, 1, 0], [0, 1, 0, 1, 0, 0, 0, 1, 0, 1, 0], [0, 1, 0, 1, 0, 1, 0, 1, 0, 1, 0], [0, 1, 0, 1, 0, 1, 1, 1, 0, 1, 0], [0, 2, 0, 1, 0, 1, 1, 1, 0, 1, 0], [0, 2, 0, 1, 0, 1, 0, 1, 0, 1, 0], [0, 2, 0, 1, 0, 0, 0, 1, 0, 1, 0], [0, 2, 2, 1, 2, 1, 1, 1, 1, 1, 0], [0, 0, 0, 1, 0, 1, 0, 1, 0, 0, 0], [0, 2, 2, 1, 0, 1, 0, 1, 1, 1, 0], [0, 2, 0, 1, 1, 1, 1, 1, 0, 1, 0], [0, 2, 0, 0, 0, 1, 0, 0, 0, 1, 0], [0, 3, 2, 2, 2, 1, 1, 1, 1, 1, 0], [0, 0, 0, 0, 0, 0, 0, 0, 0, 0, 0]]"
2026-05-23T18:23:58.008217,0,Stop,1077.0,False,False,False,"[[0, 0, 0, 0, 0, 0, 0, 0, 0, 0, 0], [0, 1, 1, 1, 1, 1, 1, 5, 1, 1, 0], [0, 1, 0, 0, 0, 1, 0, 0, 0, 4, 0], [0, 1, 0, 1, 1, 1, 1, 4, 0, 1, 0], [0, 1, 1, 1, 0, 1, 0, 1, 1, 1, 0], [0, 0, 0, 1, 0, 1, 0, 1, 0, 0, 0], [0, 1, 1, 1, 1, 1, 2, 1, 1, 1, 0], [0, 1, 0, 1, 0, 0, 0, 1, 0, 1, 0], [0, 1, 0, 1, 0, 1, 0, 1, 0, 1, 0], [0, 1, 0, 1, 0, 1, 1, 1, 0, 1, 0], [0, 2, 0, 1, 0, 1, 1, 1, 0, 1, 0], [0, 2, 0, 1, 0, 1, 0, 1, 0, 1, 0], [0, 2, 0, 1, 0, 0, 0, 1, 0, 1, 0], [0, 2, 2, 1, 2, 1, 1, 1, 1, 1, 0], [0, 0, 0, 1, 0, 1, 0, 1, 0, 0, 0], [0, 2, 2, 1, 0, 1, 0, 1, 1, 1, 0], [0, 2, 0, 1, 1, 1, 1, 1, 0, 1, 0], [0, 2, 0, 0, 0, 1, 0, 0, 0, 1, 0], [0, 3, 2, 2, 2, 1, 1, 1, 1, 1, 0], [0, 0, 0, 0, 0, 0, 0, 0, 0, 0, 0]]"
2026-05-23T18:23:58.125977,0,Stop,1076.0,False,False,False,"[[0, 0, 0, 0, 0, 0, 0, 0, 0, 0, 0], [0, 1, 1, 1, 1, 1, 1, 5, 1, 4, 0], [0, 1, 0, 0, 0, 1, 0, 0, 0, 1, 0], [0, 1, 0, 1, 1, 1, 1, 1, 0, 1, 0], [0, 1, 1, 1, 0, 1, 0, 4, 1, 1, 0], [0, 0, 0, 1, 0, 1, 0, 1, 0, 0, 0], [0, 1, 1, 1, 1, 1, 2, 1, 1, 1, 0], [0, 1, 0, 1, 0, 0, 0, 1, 0, 1, 0], [0, 1, 0, 1, 0, 1, 0, 1, 0, 1, 0], [0, 1, 0, 1, 0, 1, 1, 1, 0, 1, 0], [0, 2, 0, 1, 0, 1, 1, 1, 0, 1, 0], [0, 2, 0, 1, 0, 1, 0, 1, 0, 1, 0], [0, 2, 0, 1, 0, 0, 0, 1, 0, 1, 0], [0, 2, 2, 1, 2, 1, 1, 1, 1, 1, 0], [0, 0, 0, 1, 0, 1, 0, 1, 0, 0, 0], [0, 2, 2, 1, 0, 1, 0, 1, 1, 1, 0], [0, 2, 0, 1, 1, 1, 1, 1, 0, 1, 0], [0, 2, 0, 0, 0, 1, 0, 0, 0, 1, 0], [0, 3, 2, 2, 2, 1, 1, 1, 1, 1, 0], [0, 0, 0, 0, 0, 0, 0, 0, 0, 0, 0]]"
2026-05-23T18:23:58.243627,0,South,1075.0,False,False,False,"[[0, 0, 0, 0, 0, 0, 0, 0, 0, 0, 0], [0, 1, 1, 1, 1, 1, 1, 5, 4, 1, 0], [0, 1, 0, 0, 0, 1, 0, 0, 0, 1, 0], [0, 1, 0, 1, 1, 1, 1, 1, 0, 1, 0], [0, 1, 1, 1, 0, 1, 0, 1, 4, 1, 0], [0, 0, 0, 1, 0, 1, 0, 1, 0, 0, 0], [0, 1, 1, 1, 1, 1, 2, 1, 1, 1, 0], [0, 1, 0, 1, 0, 0, 0, 1, 0, 1, 0], [0, 1, 0, 1, 0, 1, 0, 1, 0, 1, 0], [0, 1, 0, 1, 0, 1, 1, 1, 0, 1, 0], [0, 2, 0, 1, 0, 1, 1, 1, 0, 1, 0], [0, 2, 0, 1, 0, 1, 0, 1, 0, 1, 0], [0, 2, 0, 1, 0, 0, 0, 1, 0, 1, 0], [0, 2, 2, 1, 2, 1, 1, 1, 1, 1, 0], [0, 0, 0, 1, 0, 1, 0, 1, 0, 0, 0], [0, 2, 2, 1, 0, 1, 0, 1, 1, 1, 0], [0, 2, 0, 1, 1, 1, 1, 1, 0, 1, 0], [0, 2, 0, 0, 0, 1, 0, 0, 0, 1, 0], [0, 3, 2, 2, 2, 1, 1, 1, 1, 1, 0], [0, 0, 0, 0, 0, 0, 0, 0, 0, 0, 0]]"
2026-05-23T18:23:58.359426,0,South,1074.0,False,False,False,"[[0, 0, 0, 0, 0, 0, 0, 0, 0, 0, 0], [0, 1, 1, 1, 1, 1, 5, 4, 1, 1, 0], [0, 1, 0, 0, 0, 1, 0, 0, 0, 1, 0], [0, 1, 0, 1, 1, 1, 1, 1, 0, 1, 0], [0, 1, 1, 1, 0, 1, 0, 1, 1, 4, 0], [0, 0, 0, 1, 0, 1, 0, 1, 0, 0, 0], [0, 1, 1, 1, 1, 1, 2, 1, 1, 1, 0], [0, 1, 0, 1, 0, 0, 0, 1, 0, 1, 0], [0, 1, 0, 1, 0, 1, 0, 1, 0, 1, 0], [0, 1, 0, 1, 0, 1, 1, 1, 0, 1, 0], [0, 2, 0, 1, 0, 1, 1, 1, 0, 1, 0], [0, 2, 0, 1, 0, 1, 0, 1, 0, 1, 0], [0, 2, 0, 1, 0, 0, 0, 1, 0, 1, 0], [0, 2, 2, 1, 2, 1, 1, 1, 1, 1, 0], [0, 0, 0, 1, 0, 1, 0, 1, 0, 0, 0], [0, 2, 2, 1, 0, 1, 0, 1, 1, 1, 0], [0, 2, 0, 1, 1, 1, 1, 1, 0, 1, 0], [0, 2, 0, 0, 0, 1, 0, 0, 0, 1, 0], [0, 3, 2, 2, 2, 1, 1, 1, 1, 1, 0], [0, 0, 0, 0, 0, 0, 0, 0, 0, 0, 0]]"
2026-05-23T18:23:58.483866,0,East,1073.0,False,False,False,"[[0, 0, 0, 0, 0, 0, 0, 0, 0, 0, 0], [0, 1, 1, 1, 1, 5, 4, 1, 1, 1, 0], [0, 1, 0, 0, 0, 1, 0, 0, 0, 1, 0], [0, 1, 0, 1, 1, 1, 1, 1, 0, 4, 0], [0, 1, 1, 1, 0, 1, 0, 1, 1, 1, 0], [0, 0, 0, 1, 0, 1, 0, 1, 0, 0, 0], [0, 1, 1, 1, 1, 1, 2, 1, 1, 1, 0], [0, 1, 0, 1, 0, 0, 0, 1, 0, 1, 0], [0, 1, 0, 1, 0, 1, 0, 1, 0, 1, 0], [0, 1, 0, 1, 0, 1, 1, 1, 0, 1, 0], [0, 2, 0, 1, 0, 1, 1, 1, 0, 1, 0], [0, 2, 0, 1, 0, 1, 0, 1, 0, 1, 0], [0, 2, 0, 1, 0, 0, 0, 1, 0, 1, 0], [0, 2, 2, 1, 2, 1, 1, 1, 1, 1, 0], [0, 0, 0, 1, 0, 1, 0, 1, 0, 0, 0], [0, 2, 2, 1, 0, 1, 0, 1, 1, 1, 0], [0, 2, 0, 1, 1, 1, 1, 1, 0, 1, 0], [0, 2, 0, 0, 0, 1, 0, 0, 0, 1, 0], [0, 3, 2, 2, 2, 1, 1, 1, 1, 1, 0], [0, 0, 0, 0, 0, 0, 0, 0, 0, 0, 0]]"
2026-05-23T18:23:58.600621,0,East,1072.0,False,False,False,"[[0, 0, 0, 0, 0, 0, 0, 0, 0, 0, 0], [0, 1, 1, 1, 1, 4, 1, 1, 1, 1, 0], [0, 1, 0, 0, 0, 5, 0, 0, 0, 4, 0], [0, 1, 0, 1, 1, 1, 1, 1, 0, 1, 0], [0, 1, 1, 1, 0, 1, 0, 1, 1, 1, 0], [0, 0, 0, 1, 0, 1, 0, 1, 0, 0, 0], [0, 1, 1, 1, 1, 1, 2, 1, 1, 1, 0], [0, 1, 0, 1, 0, 0, 0, 1, 0, 1, 0], [0, 1, 0, 1, 0, 1, 0, 1, 0, 1, 0], [0, 1, 0, 1, 0, 1, 1, 1, 0, 1, 0], [0, 2, 0, 1, 0, 1, 1, 1, 0, 1, 0], [0, 2, 0, 1, 0, 1, 0, 1, 0, 1, 0], [0, 2, 0, 1, 0, 0, 0, 1, 0, 1, 0], [0, 2, 2, 1, 2, 1, 1, 1, 1, 1, 0], [0, 0, 0, 1, 0, 1, 0, 1, 0, 0, 0], [0, 2, 2, 1, 0, 1, 0, 1, 1, 1, 0], [0, 2, 0, 1, 1, 1, 1, 1, 0, 1, 0], [0, 2, 0, 0, 0, 1, 0, 0, 0, 1, 0], [0, 3, 2, 2, 2, 1, 1, 1, 1, 1, 0], [0, 0, 0, 0, 0, 0, 0, 0, 0, 0, 0]]"
2026-05-23T18:23:58.721139,0,West,1071.0,False,False,False,"[[0, 0, 0, 0, 0, 0, 0, 0, 0, 0, 0], [0, 1, 1, 1, 4, 1, 1, 1, 1, 4, 0], [0, 1, 0, 0, 0, 1, 0, 0, 0, 1, 0], [0, 1, 0, 1, 1, 5, 1, 1, 0, 1, 0], [0, 1, 1, 1, 0, 1, 0, 1, 1, 1, 0], [0, 0, 0, 1, 0, 1, 0, 1, 0, 0, 0], [0, 1, 1, 1, 1, 1, 2, 1, 1, 1, 0], [0, 1, 0, 1, 0, 0, 0, 1, 0, 1, 0], [0, 1, 0, 1, 0, 1, 0, 1, 0, 1, 0], [0, 1, 0, 1, 0, 1, 1, 1, 0, 1, 0], [0, 2, 0, 1, 0, 1, 1, 1, 0, 1, 0], [0, 2, 0, 1, 0, 1, 0, 1, 0, 1, 0], [0, 2, 0, 1, 0, 0, 0, 1, 0, 1, 0], [0, 2, 2, 1, 2, 1, 1, 1, 1, 1, 0], [0, 0, 0, 1, 0, 1, 0, 1, 0, 0, 0], [0, 2, 2, 1, 0, 1, 0, 1, 1, 1, 0], [0, 2, 0, 1, 1, 1, 1, 1, 0, 1, 0], [0, 2, 0, 0, 0, 1, 0, 0, 0, 1, 0], [0, 3, 2, 2, 2, 1, 1, 1, 1, 1, 0], [0, 0, 0, 0, 0, 0, 0, 0, 0, 0, 0]]"
2026-05-23T18:23:58.837027,0,West,1070.0,False,False,False,"[[0, 0, 0, 0, 0, 0, 0, 0, 0, 0, 0], [0, 1, 1, 4, 1, 1, 1, 1, 4, 1, 0], [0, 1, 0, 0, 0, 5, 0, 0, 0, 1, 0], [0, 1, 0, 1, 1, 1, 1, 1, 0, 1, 0], [0, 1, 1, 1, 0, 1, 0, 1, 1, 1, 0], [0, 0, 0, 1, 0, 1, 0, 1, 0, 0, 0], [0, 1, 1, 1, 1, 1, 2, 1, 1, 1, 0], [0, 1, 0, 1, 0, 0, 0, 1, 0, 1, 0], [0, 1, 0, 1, 0, 1, 0, 1, 0, 1, 0], [0, 1, 0, 1, 0, 1, 1, 1, 0, 1, 0], [0, 2, 0, 1, 0, 1, 1, 1, 0, 1, 0], [0, 2, 0, 1, 0, 1, 0, 1, 0, 1, 0], [0, 2, 0, 1, 0, 0, 0, 1, 0, 1, 0], [0, 2, 2, 1, 2, 1, 1, 1, 1, 1, 0], [0, 0, 0, 1, 0, 1, 0, 1, 0, 0, 0], [0, 2, 2, 1, 0, 1, 0, 1, 1, 1, 0], [0, 2, 0, 1, 1, 1, 1, 1, 0, 1, 0], [0, 2, 0, 0, 0, 1, 0, 0, 0, 1, 0], [0, 3, 2, 2, 2, 1, 1, 1, 1, 1, 0], [0, 0, 0, 0, 0, 0, 0, 0, 0, 0, 0]]"
2026-05-23T18:23:58.955884,0,Stop,1069.0,False,False,False,"[[0, 0, 0, 0, 0, 0, 0, 0, 0, 0, 0], [0, 1, 4, 1, 1, 5, 1, 4, 1, 1, 0], [0, 1, 0, 0, 0, 1, 0, 0, 0, 1, 0], [0, 1, 0, 1, 1, 1, 1, 1, 0, 1, 0], [0, 1, 1, 1, 0, 1, 0, 1, 1, 1, 0], [0, 0, 0, 1, 0, 1, 0, 1, 0, 0, 0], [0, 1, 1, 1, 1, 1, 2, 1, 1, 1, 0], [0, 1, 0, 1, 0, 0, 0, 1, 0, 1, 0], [0, 1, 0, 1, 0, 1, 0, 1, 0, 1, 0], [0, 1, 0, 1, 0, 1, 1, 1, 0, 1, 0], [0, 2, 0, 1, 0, 1, 1, 1, 0, 1, 0], [0, 2, 0, 1, 0, 1, 0, 1, 0, 1, 0], [0, 2, 0, 1, 0, 0, 0, 1, 0, 1, 0], [0, 2, 2, 1, 2, 1, 1, 1, 1, 1, 0], [0, 0, 0, 1, 0, 1, 0, 1, 0, 0, 0], [0, 2, 2, 1, 0, 1, 0, 1, 1, 1, 0], [0, 2, 0, 1, 1, 1, 1, 1, 0, 1, 0], [0, 2, 0, 0, 0, 1, 0, 0, 0, 1, 0], [0, 3, 2, 2, 2, 1, 1, 1, 1, 1, 0], [0, 0, 0, 0, 0, 0, 0, 0, 0, 0, 0]]"
2026-05-23T18:23:59.073628,0,East,1068.0,False,False,False,"[[0, 0, 0, 0, 0, 0, 0, 0, 0, 0, 0], [0, 4, 1, 1, 1, 5, 4, 1, 1, 1, 0], [0, 1, 0, 0, 0, 1, 0, 0, 0, 1, 0], [0, 1, 0, 1, 1, 1, 1, 1, 0, 1, 0], [0, 1, 1, 1, 0, 1, 0, 1, 1, 1, 0], [0, 0, 0, 1, 0, 1, 0, 1, 0, 0, 0], [0, 1, 1, 1, 1, 1, 2, 1, 1, 1, 0], [0, 1, 0, 1, 0, 0, 0, 1, 0, 1, 0], [0, 1, 0, 1, 0, 1, 0, 1, 0, 1, 0], [0, 1, 0, 1, 0, 1, 1, 1, 0, 1, 0], [0, 2, 0, 1, 0, 1, 1, 1, 0, 1, 0], [0, 2, 0, 1, 0, 1, 0, 1, 0, 1, 0], [0, 2, 0, 1, 0, 0, 0, 1, 0, 1, 0], [0, 2, 2, 1, 2, 1, 1, 1, 1, 1, 0], [0, 0, 0, 1, 0, 1, 0, 1, 0, 0, 0], [0, 2, 2, 1, 0, 1, 0, 1, 1, 1, 0], [0, 2, 0, 1, 1, 1, 1, 1, 0, 1, 0], [0, 2, 0, 0, 0, 1, 0, 0, 0, 1, 0], [0, 3, 2, 2, 2, 1, 1, 1, 1, 1, 0], [0, 0, 0, 0, 0, 0, 0, 0, 0, 0, 0]]"
2026-05-23T18:23:59.192498,0,East,1067.0,False,False,False,"[[0, 0, 0, 0, 0, 0, 0, 0, 0, 0, 0], [0, 1, 1, 1, 1, 4, 1, 1, 1, 1, 0], [0, 4, 0, 0, 0, 5, 0, 0, 0, 1, 0], [0, 1, 0, 1, 1, 1, 1, 1, 0, 1, 0], [0, 1, 1, 1, 0, 1, 0, 1, 1, 1, 0], [0, 0, 0, 1, 0, 1, 0, 1, 0, 0, 0], [0, 1, 1, 1, 1, 1, 2, 1, 1, 1, 0], [0, 1, 0, 1, 0, 0, 0, 1, 0, 1, 0], [0, 1, 0, 1, 0, 1, 0, 1, 0, 1, 0], [0, 1, 0, 1, 0, 1, 1, 1, 0, 1, 0], [0, 2, 0, 1, 0, 1, 1, 1, 0, 1, 0], [0, 2, 0, 1, 0, 1, 0, 1, 0, 1, 0], [0, 2, 0, 1, 0, 0, 0, 1, 0, 1, 0], [0, 2, 2, 1, 2, 1, 1, 1, 1, 1, 0], [0, 0, 0, 1, 0, 1, 0, 1, 0, 0, 0], [0, 2, 2, 1, 0, 1, 0, 1, 1, 1, 0], [0, 2, 0, 1, 1, 1, 1, 1, 0, 1, 0], [0, 2, 0, 0, 0, 1, 0, 0, 0, 1, 0], [0, 3, 2, 2, 2, 1, 1, 1, 1, 1, 0], [0, 0, 0, 0, 0, 0, 0, 0, 0, 0, 0]]"
2026-05-23T18:23:59.308709,0,East,1066.0,False,False,False,"[[0, 0, 0, 0, 0, 0, 0, 0, 0, 0, 0], [0, 1, 1, 1, 1, 1, 1, 1, 1, 1, 0], [0, 1, 0, 0, 0, 4, 0, 0, 0, 1, 0], [0, 4, 0, 1, 1, 5, 1, 1, 0, 1, 0], [0, 1, 1, 1, 0, 1, 0, 1, 1, 1, 0], [0, 0, 0, 1, 0, 1, 0, 1, 0, 0, 0], [0, 1, 1, 1, 1, 1, 2, 1, 1, 1, 0], [0, 1, 0, 1, 0, 0, 0, 1, 0, 1, 0], [0, 1, 0, 1, 0, 1, 0, 1, 0, 1, 0], [0, 1, 0, 1, 0, 1, 1, 1, 0, 1, 0], [0, 2, 0, 1, 0, 1, 1, 1, 0, 1, 0], [0, 2, 0, 1, 0, 1, 0, 1, 0, 1, 0], [0, 2, 0, 1, 0, 0, 0, 1, 0, 1, 0], [0, 2, 2, 1, 2, 1, 1, 1, 1, 1, 0], [0, 0, 0, 1, 0, 1, 0, 1, 0, 0, 0], [0, 2, 2, 1, 0, 1, 0, 1, 1, 1, 0], [0, 2, 0, 1, 1, 1, 1, 1, 0, 1, 0], [0, 2, 0, 0, 0, 1, 0, 0, 0, 1, 0], [0, 3, 2, 2, 2, 1, 1, 1, 1, 1, 0], [0, 0, 0, 0, 0, 0, 0, 0, 0, 0, 0]]"
2026-05-23T18:23:59.424396,0,East,1065.0,False,False,False,"[[0, 0, 0, 0, 0, 0, 0, 0, 0, 0, 0], [0, 1, 1, 1, 1, 1, 1, 1, 1, 1, 0], [0, 1, 0, 0, 0, 1, 0, 0, 0, 1, 0], [0, 1, 0, 1, 1, 4, 1, 1, 0, 1, 0], [0, 4, 1, 1, 0, 5, 0, 1, 1, 1, 0], [0, 0, 0, 1, 0, 1, 0, 1, 0, 0, 0], [0, 1, 1, 1, 1, 1, 2, 1, 1, 1, 0], [0, 1, 0, 1, 0, 0, 0, 1, 0, 1, 0], [0, 1, 0, 1, 0, 1, 0, 1, 0, 1, 0], [0, 1, 0, 1, 0, 1, 1, 1, 0, 1, 0], [0, 2, 0, 1, 0, 1, 1, 1, 0, 1, 0], [0, 2, 0, 1, 0, 1, 0, 1, 0, 1, 0], [0, 2, 0, 1, 0, 0, 0, 1, 0, 1, 0], [0, 2, 2, 1, 2, 1, 1, 1, 1, 1, 0], [0, 0, 0, 1, 0, 1, 0, 1, 0, 0, 0], [0, 2, 2, 1, 0, 1, 0, 1, 1, 1, 0], [0, 2, 0, 1, 1, 1, 1, 1, 0, 1, 0], [0, 2, 0, 0, 0, 1, 0, 0, 0, 1, 0], [0, 3, 2, 2, 2, 1, 1, 1, 1, 1, 0], [0, 0, 0, 0, 0, 0, 0, 0, 0, 0, 0]]"
2026-05-23T18:23:59.538998,0,East,1064.0,False,False,False,"[[0, 0, 0, 0, 0, 0, 0, 0, 0, 0, 0], [0, 1, 1, 1, 1, 1, 1, 1, 1, 1, 0], [0, 1, 0, 0, 0, 1, 0, 0, 0, 1, 0], [0, 1, 0, 1, 1, 1, 1, 1, 0, 1, 0], [0, 1, 4, 1, 0, 4, 0, 1, 1, 1, 0], [0, 0, 0, 1, 0, 5, 0, 1, 0, 0, 0], [0, 1, 1, 1, 1, 1, 2, 1, 1, 1, 0], [0, 1, 0, 1, 0, 0, 0, 1, 0, 1, 0], [0, 1, 0, 1, 0, 1, 0, 1, 0, 1, 0], [0, 1, 0, 1, 0, 1, 1, 1, 0, 1, 0], [0, 2, 0, 1, 0, 1, 1, 1, 0, 1, 0], [0, 2, 0, 1, 0, 1, 0, 1, 0, 1, 0], [0, 2, 0, 1, 0, 0, 0, 1, 0, 1, 0], [0, 2, 2, 1, 2, 1, 1, 1, 1, 1, 0], [0, 0, 0, 1, 0, 1, 0, 1, 0, 0, 0], [0, 2, 2, 1, 0, 1, 0, 1, 1, 1, 0], [0, 2, 0, 1, 1, 1, 1, 1, 0, 1, 0], [0, 2, 0, 0, 0, 1, 0, 0, 0, 1, 0], [0, 3, 2, 2, 2, 1, 1, 1, 1, 1, 0], [0, 0, 0, 0, 0, 0, 0, 0, 0, 0, 0]]"
2026-05-23T18:23:59.654429,0,North,1063.0,False,False,False,"[[0, 0, 0, 0, 0, 0, 0, 0, 0, 0, 0], [0, 1, 1, 1, 1, 1, 1, 1, 1, 1, 0], [0, 1, 0, 0, 0, 1, 0, 0, 0, 1, 0], [0, 1, 0, 1, 1, 1, 1, 1, 0, 1, 0], [0, 1, 1, 4, 0, 1, 0, 1, 1, 1, 0], [0, 0, 0, 1, 0, 4, 0, 1, 0, 0, 0], [0, 1, 1, 1, 1, 5, 2, 1, 1, 1, 0], [0, 1, 0, 1, 0, 0, 0, 1, 0, 1, 0], [0, 1, 0, 1, 0, 1, 0, 1, 0, 1, 0], [0, 1, 0, 1, 0, 1, 1, 1, 0, 1, 0], [0, 2, 0, 1, 0, 1, 1, 1, 0, 1, 0], [0, 2, 0, 1, 0, 1, 0, 1, 0, 1, 0], [0, 2, 0, 1, 0, 0, 0, 1, 0, 1, 0], [0, 2, 2, 1, 2, 1, 1, 1, 1, 1, 0], [0, 0, 0, 1, 0, 1, 0, 1, 0, 0, 0], [0, 2, 2, 1, 0, 1, 0, 1, 1, 1, 0], [0, 2, 0, 1, 1, 1, 1, 1, 0, 1, 0], [0, 2, 0, 0, 0, 1, 0, 0, 0, 1, 0], [0, 3, 2, 2, 2, 1, 1, 1, 1, 1, 0], [0, 0, 0, 0, 0, 0, 0, 0, 0, 0, 0]]"
2026-05-23T18:23:59.771847,0,North,1072.0,False,False,False,"[[0, 0, 0, 0, 0, 0, 0, 0, 0, 0, 0], [0, 1, 1, 1, 1, 1, 1, 1, 1, 1, 0], [0, 1, 0, 0, 0, 1, 0, 0, 0, 1, 0], [0, 1, 0, 1, 1, 1, 1, 1, 0, 1, 0], [0, 1, 1, 1, 0, 1, 0, 1, 1, 1, 0], [0, 0, 0, 4, 0, 1, 0, 1, 0, 0, 0], [0, 1, 1, 1, 1, 4, 5, 1, 1, 1, 0], [0, 1, 0, 1, 0, 0, 0, 1, 0, 1, 0], [0, 1, 0, 1, 0, 1, 0, 1, 0, 1, 0], [0, 1, 0, 1, 0, 1, 1, 1, 0, 1, 0], [0, 2, 0, 1, 0, 1, 1, 1, 0, 1, 0], [0, 2, 0, 1, 0, 1, 0, 1, 0, 1, 0], [0, 2, 0, 1, 0, 0, 0, 1, 0, 1, 0], [0, 2, 2, 1, 2, 1, 1, 1, 1, 1, 0], [0, 0, 0, 1, 0, 1, 0, 1, 0, 0, 0], [0, 2, 2, 1, 0, 1, 0, 1, 1, 1, 0], [0, 2, 0, 1, 1, 1, 1, 1, 0, 1, 0], [0, 2, 0, 0, 0, 1, 0, 0, 0, 1, 0], [0, 3, 2, 2, 2, 1, 1, 1, 1, 1, 0], [0, 0, 0, 0, 0, 0, 0, 0, 0, 0, 0]]"
2026-05-23T18:23:59.893214,0,West,1071.0,False,False,False,"[[0, 0, 0, 0, 0, 0, 0, 0, 0, 0, 0], [0, 1, 1, 1, 1, 1, 1, 1, 1, 1, 0], [0, 1, 0, 0, 0, 1, 0, 0, 0, 1, 0], [0, 1, 0, 1, 1, 1, 1, 1, 0, 1, 0], [0, 1, 1, 1, 0, 1, 0, 1, 1, 1, 0], [0, 0, 0, 1, 0, 1, 0, 1, 0, 0, 0], [0, 1, 1, 4, 1, 1, 4, 5, 1, 1, 0], [0, 1, 0, 1, 0, 0, 0, 1, 0, 1, 0], [0, 1, 0, 1, 0, 1, 0, 1, 0, 1, 0], [0, 1, 0, 1, 0, 1, 1, 1, 0, 1, 0], [0, 2, 0, 1, 0, 1, 1, 1, 0, 1, 0], [0, 2, 0, 1, 0, 1, 0, 1, 0, 1, 0], [0, 2, 0, 1, 0, 0, 0, 1, 0, 1, 0], [0, 2, 2, 1, 2, 1, 1, 1, 1, 1, 0], [0, 0, 0, 1, 0, 1, 0, 1, 0, 0, 0], [0, 2, 2, 1, 0, 1, 0, 1, 1, 1, 0], [0, 2, 0, 1, 1, 1, 1, 1, 0, 1, 0], [0, 2, 0, 0, 0, 1, 0, 0, 0, 1, 0], [0, 3, 2, 2, 2, 1, 1, 1, 1, 1, 0], [0, 0, 0, 0, 0, 0, 0, 0, 0, 0, 0]]"
2026-05-23T18:24:00.016787,0,West,1070.0,False,False,False,"[[0, 0, 0, 0, 0, 0, 0, 0, 0, 0, 0], [0, 1, 1, 1, 1, 1, 1, 1, 1, 1, 0], [0, 1, 0, 0, 0, 1, 0, 0, 0, 1, 0], [0, 1, 0, 1, 1, 1, 1, 1, 0, 1, 0], [0, 1, 1, 1, 0, 1, 0, 1, 1, 1, 0], [0, 0, 0, 1, 0, 1, 0, 5, 0, 0, 0], [0, 1, 1, 1, 4, 1, 1, 4, 1, 1, 0], [0, 1, 0, 1, 0, 0, 0, 1, 0, 1, 0], [0, 1, 0, 1, 0, 1, 0, 1, 0, 1, 0], [0, 1, 0, 1, 0, 1, 1, 1, 0, 1, 0], [0, 2, 0, 1, 0, 1, 1, 1, 0, 1, 0], [0, 2, 0, 1, 0, 1, 0, 1, 0, 1, 0], [0, 2, 0, 1, 0, 0, 0, 1, 0, 1, 0], [0, 2, 2, 1, 2, 1, 1, 1, 1, 1, 0], [0, 0, 0, 1, 0, 1, 0, 1, 0, 0, 0], [0, 2, 2, 1, 0, 1, 0, 1, 1, 1, 0], [0, 2, 0, 1, 1, 1, 1, 1, 0, 1, 0], [0, 2, 0, 0, 0, 1, 0, 0, 0, 1, 0], [0, 3, 2, 2, 2, 1, 1, 1, 1, 1, 0], [0, 0, 0, 0, 0, 0, 0, 0, 0, 0, 0]]"
2026-05-23T18:24:00.150272,0,West,1069.0,False,False,False,"[[0, 0, 0, 0, 0, 0, 0, 0, 0, 0, 0], [0, 1, 1, 1, 1, 1, 1, 1, 1, 1, 0], [0, 1, 0, 0, 0, 1, 0, 0, 0, 1, 0], [0, 1, 0, 1, 1, 1, 1, 1, 0, 1, 0], [0, 1, 1, 1, 0, 1, 0, 5, 1, 1, 0], [0, 0, 0, 1, 0, 1, 0, 4, 0, 0, 0], [0, 1, 1, 1, 1, 4, 1, 1, 1, 1, 0], [0, 1, 0, 1, 0, 0, 0, 1, 0, 1, 0], [0, 1, 0, 1, 0, 1, 0, 1, 0, 1, 0], [0, 1, 0, 1, 0, 1, 1, 1, 0, 1, 0], [0, 2, 0, 1, 0, 1, 1, 1, 0, 1, 0], [0, 2, 0, 1, 0, 1, 0, 1, 0, 1, 0], [0, 2, 0, 1, 0, 0, 0, 1, 0, 1, 0], [0, 2, 2, 1, 2, 1, 1, 1, 1, 1, 0], [0, 0, 0, 1, 0, 1, 0, 1, 0, 0, 0], [0, 2, 2, 1, 0, 1, 0, 1, 1, 1, 0], [0, 2, 0, 1, 1, 1, 1, 1, 0, 1, 0], [0, 2, 0, 0, 0, 1, 0, 0, 0, 1, 0], [0, 3, 2, 2, 2, 1, 1, 1, 1, 1, 0], [0, 0, 0, 0, 0, 0, 0, 0, 0, 0, 0]]"
2026-05-23T18:24:00.267366,0,South,1068.0,False,False,False,"[[0, 0, 0, 0, 0, 0, 0, 0, 0, 0, 0], [0, 1, 1, 1, 1, 1, 1, 1, 1, 1, 0], [0, 1, 0, 0, 0, 1, 0, 0, 0, 1, 0], [0, 1, 0, 1, 1, 1, 1, 5, 0, 1, 0], [0, 1, 1, 1, 0, 1, 0, 4, 1, 1, 0], [0, 0, 0, 1, 0, 1, 0, 1, 0, 0, 0], [0, 1, 1, 1, 1, 1, 4, 1, 1, 1, 0], [0, 1, 0, 1, 0, 0, 0, 1, 0, 1, 0], [0, 1, 0, 1, 0, 1, 0, 1, 0, 1, 0], [0, 1, 0, 1, 0, 1, 1, 1, 0, 1, 0], [0, 2, 0, 1, 0, 1, 1, 1, 0, 1, 0], [0, 2, 0, 1, 0, 1, 0, 1, 0, 1, 0], [0, 2, 0, 1, 0, 0, 0, 1, 0, 1, 0], [0, 2, 2, 1, 2, 1, 1, 1, 1, 1, 0], [0, 0, 0, 1, 0, 1, 0, 1, 0, 0, 0], [0, 2, 2, 1, 0, 1, 0, 1, 1, 1, 0], [0, 2, 0, 1, 1, 1, 1, 1, 0, 1, 0], [0, 2, 0, 0, 0, 1, 0, 0, 0, 1, 0], [0, 3, 2, 2, 2, 1, 1, 1, 1, 1, 0], [0, 0, 0, 0, 0, 0, 0, 0, 0, 0, 0]]"
2026-05-23T18:24:00.388484,0,Stop,1067.0,False,False,False,"[[0, 0, 0, 0, 0, 0, 0, 0, 0, 0, 0], [0, 1, 1, 1, 1, 1, 1, 1, 1, 1, 0], [0, 1, 0, 0, 0, 1, 0, 0, 0, 1, 0], [0, 1, 0, 1, 1, 1, 5, 1, 0, 1, 0], [0, 1, 1, 1, 0, 1, 0, 1, 4, 1, 0], [0, 0, 0, 1, 0, 1, 0, 1, 0, 0, 0], [0, 1, 1, 1, 1, 1, 1, 4, 1, 1, 0], [0, 1, 0, 1, 0, 0, 0, 1, 0, 1, 0], [0, 1, 0, 1, 0, 1, 0, 1, 0, 1, 0], [0, 1, 0, 1, 0, 1, 1, 1, 0, 1, 0], [0, 2, 0, 1, 0, 1, 1, 1, 0, 1, 0], [0, 2, 0, 1, 0, 1, 0, 1, 0, 1, 0], [0, 2, 0, 1, 0, 0, 0, 1, 0, 1, 0], [0, 2, 2, 1, 2, 1, 1, 1, 1, 1, 0], [0, 0, 0, 1, 0, 1, 0, 1, 0, 0, 0], [0, 2, 2, 1, 0, 1, 0, 1, 1, 1, 0], [0, 2, 0, 1, 1, 1, 1, 1, 0, 1, 0], [0, 2, 0, 0, 0, 1, 0, 0, 0, 1, 0], [0, 3, 2, 2, 2, 1, 1, 1, 1, 1, 0], [0, 0, 0, 0, 0, 0, 0, 0, 0, 0, 0]]"
2026-05-23T18:24:00.507326,0,Stop,1066.0,False,False,False,"[[0, 0, 0, 0, 0, 0, 0, 0, 0, 0, 0], [0, 1, 1, 1, 1, 1, 1, 1, 1, 1, 0], [0, 1, 0, 0, 0, 1, 0, 0, 0, 1, 0], [0, 1, 0, 1, 1, 1, 5, 1, 0, 1, 0], [0, 1, 1, 1, 0, 1, 0, 1, 1, 4, 0], [0, 0, 0, 1, 0, 1, 0, 4, 0, 0, 0], [0, 1, 1, 1, 1, 1, 1, 1, 1, 1, 0], [0, 1, 0, 1, 0, 0, 0, 1, 0, 1, 0], [0, 1, 0, 1, 0, 1, 0, 1, 0, 1, 0], [0, 1, 0, 1, 0, 1, 1, 1, 0, 1, 0], [0, 2, 0, 1, 0, 1, 1, 1, 0, 1, 0], [0, 2, 0, 1, 0, 1, 0, 1, 0, 1, 0], [0, 2, 0, 1, 0, 0, 0, 1, 0, 1, 0], [0, 2, 2, 1, 2, 1, 1, 1, 1, 1, 0], [0, 0, 0, 1, 0, 1, 0, 1, 0, 0, 0], [0, 2, 2, 1, 0, 1, 0, 1, 1, 1, 0], [0, 2, 0, 1, 1, 1, 1, 1, 0, 1, 0], [0, 2, 0, 0, 0, 1, 0, 0, 0, 1, 0], [0, 3, 2, 2, 2, 1, 1, 1, 1, 1, 0], [0, 0, 0, 0, 0, 0, 0, 0, 0, 0, 0]]"
2026-05-23T18:24:00.627224,0,Stop,1065.0,False,False,False,"[[0, 0, 0, 0, 0, 0, 0, 0, 0, 0, 0], [0, 1, 1, 1, 1, 1, 1, 1, 1, 1, 0], [0, 1, 0, 0, 0, 1, 0, 0, 0, 1, 0], [0, 1, 0, 1, 1, 1, 5, 1, 0, 4, 0], [0, 1, 1, 1, 0, 1, 0, 4, 1, 1, 0], [0, 0, 0, 1, 0, 1, 0, 1, 0, 0, 0], [0, 1, 1, 1, 1, 1, 1, 1, 1, 1, 0], [0, 1, 0, 1, 0, 0, 0, 1, 0, 1, 0], [0, 1, 0, 1, 0, 1, 0, 1, 0, 1, 0], [0, 1, 0, 1, 0, 1, 1, 1, 0, 1, 0], [0, 2, 0, 1, 0, 1, 1, 1, 0, 1, 0], [0, 2, 0, 1, 0, 1, 0, 1, 0, 1, 0], [0, 2, 0, 1, 0, 0, 0, 1, 0, 1, 0], [0, 2, 2, 1, 2, 1, 1, 1, 1, 1, 0], [0, 0, 0, 1, 0, 1, 0, 1, 0, 0, 0], [0, 2, 2, 1, 0, 1, 0, 1, 1, 1, 0], [0, 2, 0, 1, 1, 1, 1, 1, 0, 1, 0], [0, 2, 0, 0, 0, 1, 0, 0, 0, 1, 0], [0, 3, 2, 2, 2, 1, 1, 1, 1, 1, 0], [0, 0, 0, 0, 0, 0, 0, 0, 0, 0, 0]]"
2026-05-23T18:24:00.742914,0,South,1064.0,False,False,False,"[[0, 0, 0, 0, 0, 0, 0, 0, 0, 0, 0], [0, 1, 1, 1, 1, 1, 1, 1, 1, 1, 0], [0, 1, 0, 0, 0, 1, 0, 0, 0, 4, 0], [0, 1, 0, 1, 1, 1, 5, 4, 0, 1, 0], [0, 1, 1, 1, 0, 1, 0, 1, 1, 1, 0], [0, 0, 0, 1, 0, 1, 0, 1, 0, 0, 0], [0, 1, 1, 1, 1, 1, 1, 1, 1, 1, 0], [0, 1, 0, 1, 0, 0, 0, 1, 0, 1, 0], [0, 1, 0, 1, 0, 1, 0, 1, 0, 1, 0], [0, 1, 0, 1, 0, 1, 1, 1, 0, 1, 0], [0, 2, 0, 1, 0, 1, 1, 1, 0, 1, 0], [0, 2, 0, 1, 0, 1, 0, 1, 0, 1, 0], [0, 2, 0, 1, 0, 0, 0, 1, 0, 1, 0], [0, 2, 2, 1, 2, 1, 1, 1, 1, 1, 0], [0, 0, 0, 1, 0, 1, 0, 1, 0, 0, 0], [0, 2, 2, 1, 0, 1, 0, 1, 1, 1, 0], [0, 2, 0, 1, 1, 1, 1, 1, 0, 1, 0], [0, 2, 0, 0, 0, 1, 0, 0, 0, 1, 0], [0, 3, 2, 2, 2, 1, 1, 1, 1, 1, 0], [0, 0, 0, 0, 0, 0, 0, 0, 0, 0, 0]]"
2026-05-23T18:24:00.861026,0,West,1063.0,False,False,False,"[[0, 0, 0, 0, 0, 0, 0, 0, 0, 0, 0], [0, 1, 1, 1, 1, 1, 1, 1, 1, 4, 0], [0, 1, 0, 0, 0, 1, 0, 0, 0, 1, 0], [0, 1, 0, 1, 1, 5, 4, 1, 0, 1, 0], [0, 1, 1, 1, 0, 1, 0, 1, 1, 1, 0], [0, 0, 0, 1, 0, 1, 0, 1, 0, 0, 0], [0, 1, 1, 1, 1, 1, 1, 1, 1, 1, 0], [0, 1, 0, 1, 0, 0, 0, 1, 0, 1, 0], [0, 1, 0, 1, 0, 1, 0, 1, 0, 1, 0], [0, 1, 0, 1, 0, 1, 1, 1, 0, 1, 0], [0, 2, 0, 1, 0, 1, 1, 1, 0, 1, 0], [0, 2, 0, 1, 0, 1, 0, 1, 0, 1, 0], [0, 2, 0, 1, 0, 0, 0, 1, 0, 1, 0], [0, 2, 2, 1, 2, 1, 1, 1, 1, 1, 0], [0, 0, 0, 1, 0, 1, 0, 1, 0, 0, 0], [0, 2, 2, 1, 0, 1, 0, 1, 1, 1, 0], [0, 2, 0, 1, 1, 1, 1, 1, 0, 1, 0], [0, 2, 0, 0, 0, 1, 0, 0, 0, 1, 0], [0, 3, 2, 2, 2, 1, 1, 1, 1, 1, 0], [0, 0, 0, 0, 0, 0, 0, 0, 0, 0, 0]]"
2026-05-23T18:24:00.978790,0,West,1062.0,False,False,False,"[[0, 0, 0, 0, 0, 0, 0, 0, 0, 0, 0], [0, 1, 1, 1, 1, 1, 1, 1, 4, 1, 0], [0, 1, 0, 0, 0, 5, 0, 0, 0, 1, 0], [0, 1, 0, 1, 1, 4, 1, 1, 0, 1, 0], [0, 1, 1, 1, 0, 1, 0, 1, 1, 1, 0], [0, 0, 0, 1, 0, 1, 0, 1, 0, 0, 0], [0, 1, 1, 1, 1, 1, 1, 1, 1, 1, 0], [0, 1, 0, 1, 0, 0, 0, 1, 0, 1, 0], [0, 1, 0, 1, 0, 1, 0, 1, 0, 1, 0], [0, 1, 0, 1, 0, 1, 1, 1, 0, 1, 0], [0, 2, 0, 1, 0, 1, 1, 1, 0, 1, 0], [0, 2, 0, 1, 0, 1, 0, 1, 0, 1, 0], [0, 2, 0, 1, 0, 0, 0, 1, 0, 1, 0], [0, 2, 2, 1, 2, 1, 1, 1, 1, 1, 0], [0, 0, 0, 1, 0, 1, 0, 1, 0, 0, 0], [0, 2, 2, 1, 0, 1, 0, 1, 1, 1, 0], [0, 2, 0, 1, 1, 1, 1, 1, 0, 1, 0], [0, 2, 0, 0, 0, 1, 0, 0, 0, 1, 0], [0, 3, 2, 2, 2, 1, 1, 1, 1, 1, 0], [0, 0, 0, 0, 0, 0, 0, 0, 0, 0, 0]]"
2026-05-23T18:24:01.092754,0,South,1061.0,False,False,False,"[[0, 0, 0, 0, 0, 0, 0, 0, 0, 0, 0], [0, 1, 1, 1, 1, 5, 1, 4, 1, 1, 0], [0, 1, 0, 0, 0, 4, 0, 0, 0, 1, 0], [0, 1, 0, 1, 1, 1, 1, 1, 0, 1, 0], [0, 1, 1, 1, 0, 1, 0, 1, 1, 1, 0], [0, 0, 0, 1, 0, 1, 0, 1, 0, 0, 0], [0, 1, 1, 1, 1, 1, 1, 1, 1, 1, 0], [0, 1, 0, 1, 0, 0, 0, 1, 0, 1, 0], [0, 1, 0, 1, 0, 1, 0, 1, 0, 1, 0], [0, 1, 0, 1, 0, 1, 1, 1, 0, 1, 0], [0, 2, 0, 1, 0, 1, 1, 1, 0, 1, 0], [0, 2, 0, 1, 0, 1, 0, 1, 0, 1, 0], [0, 2, 0, 1, 0, 0, 0, 1, 0, 1, 0], [0, 2, 2, 1, 2, 1, 1, 1, 1, 1, 0], [0, 0, 0, 1, 0, 1, 0, 1, 0, 0, 0], [0, 2, 2, 1, 0, 1, 0, 1, 1, 1, 0], [0, 2, 0, 1, 1, 1, 1, 1, 0, 1, 0], [0, 2, 0, 0, 0, 1, 0, 0, 0, 1, 0], [0, 3, 2, 2, 2, 1, 1, 1, 1, 1, 0], [0, 0, 0, 0, 0, 0, 0, 0, 0, 0, 0]]"
2026-05-23T18:24:01.216546,0,South,1060.0,False,False,False,"[[0, 0, 0, 0, 0, 0, 0, 0, 0, 0, 0], [0, 1, 1, 1, 5, 4, 4, 1, 1, 1, 0], [0, 1, 0, 0, 0, 1, 0, 0, 0, 1, 0], [0, 1, 0, 1, 1, 1, 1, 1, 0, 1, 0], [0, 1, 1, 1, 0, 1, 0, 1, 1, 1, 0], [0, 0, 0, 1, 0, 1, 0, 1, 0, 0, 0], [0, 1, 1, 1, 1, 1, 1, 1, 1, 1, 0], [0, 1, 0, 1, 0, 0, 0, 1, 0, 1, 0], [0, 1, 0, 1, 0, 1, 0, 1, 0, 1, 0], [0, 1, 0, 1, 0, 1, 1, 1, 0, 1, 0], [0, 2, 0, 1, 0, 1, 1, 1, 0, 1, 0], [0, 2, 0, 1, 0, 1, 0, 1, 0, 1, 0], [0, 2, 0, 1, 0, 0, 0, 1, 0, 1, 0], [0, 2, 2, 1, 2, 1, 1, 1, 1, 1, 0], [0, 0, 0, 1, 0, 1, 0, 1, 0, 0, 0], [0, 2, 2, 1, 0, 1, 0, 1, 1, 1, 0], [0, 2, 0, 1, 1, 1, 1, 1, 0, 1, 0], [0, 2, 0, 0, 0, 1, 0, 0, 0, 1, 0], [0, 3, 2, 2, 2, 1, 1, 1, 1, 1, 0], [0, 0, 0, 0, 0, 0, 0, 0, 0, 0, 0]]"
2026-05-23T18:24:01.335221,0,South,1059.0,False,False,False,"[[0, 0, 0, 0, 0, 0, 0, 0, 0, 0, 0], [0, 1, 1, 5, 4, 4, 1, 1, 1, 1, 0], [0, 1, 0, 0, 0, 1, 0, 0, 0, 1, 0], [0, 1, 0, 1, 1, 1, 1, 1, 0, 1, 0], [0, 1, 1, 1, 0, 1, 0, 1, 1, 1, 0], [0, 0, 0, 1, 0, 1, 0, 1, 0, 0, 0], [0, 1, 1, 1, 1, 1, 1, 1, 1, 1, 0], [0, 1, 0, 1, 0, 0, 0, 1, 0, 1, 0], [0, 1, 0, 1, 0, 1, 0, 1, 0, 1, 0], [0, 1, 0, 1, 0, 1, 1, 1, 0, 1, 0], [0, 2, 0, 1, 0, 1, 1, 1, 0, 1, 0], [0, 2, 0, 1, 0, 1, 0, 1, 0, 1, 0], [0, 2, 0, 1, 0, 0, 0, 1, 0, 1, 0], [0, 2, 2, 1, 2, 1, 1, 1, 1, 1, 0], [0, 0, 0, 1, 0, 1, 0, 1, 0, 0, 0], [0, 2, 2, 1, 0, 1, 0, 1, 1, 1, 0], [0, 2, 0, 1, 1, 1, 1, 1, 0, 1, 0], [0, 2, 0, 0, 0, 1, 0, 0, 0, 1, 0], [0, 3, 2, 2, 2, 1, 1, 1, 1, 1, 0], [0, 0, 0, 0, 0, 0, 0, 0, 0, 0, 0]]"
2026-05-23T18:24:01.450484,0,South,1058.0,False,False,False,"[[0, 0, 0, 0, 0, 0, 0, 0, 0, 0, 0], [0, 1, 5, 4, 4, 1, 1, 1, 1, 1, 0], [0, 1, 0, 0, 0, 1, 0, 0, 0, 1, 0], [0, 1, 0, 1, 1, 1, 1, 1, 0, 1, 0], [0, 1, 1, 1, 0, 1, 0, 1, 1, 1, 0], [0, 0, 0, 1, 0, 1, 0, 1, 0, 0, 0], [0, 1, 1, 1, 1, 1, 1, 1, 1, 1, 0], [0, 1, 0, 1, 0, 0, 0, 1, 0, 1, 0], [0, 1, 0, 1, 0, 1, 0, 1, 0, 1, 0], [0, 1, 0, 1, 0, 1, 1, 1, 0, 1, 0], [0, 2, 0, 1, 0, 1, 1, 1, 0, 1, 0], [0, 2, 0, 1, 0, 1, 0, 1, 0, 1, 0], [0, 2, 0, 1, 0, 0, 0, 1, 0, 1, 0], [0, 2, 2, 1, 2, 1, 1, 1, 1, 1, 0], [0, 0, 0, 1, 0, 1, 0, 1, 0, 0, 0], [0, 2, 2, 1, 0, 1, 0, 1, 1, 1, 0], [0, 2, 0, 1, 1, 1, 1, 1, 0, 1, 0], [0, 2, 0, 0, 0, 1, 0, 0, 0, 1, 0], [0, 3, 2, 2, 2, 1, 1, 1, 1, 1, 0], [0, 0, 0, 0, 0, 0, 0, 0, 0, 0, 0]]"
2026-05-23T18:24:01.564091,0,East,1057.0,False,False,False,"[[0, 0, 0, 0, 0, 0, 0, 0, 0, 0, 0], [0, 5, 4, 4, 1, 1, 1, 1, 1, 1, 0], [0, 1, 0, 0, 0, 1, 0, 0, 0, 1, 0], [0, 1, 0, 1, 1, 1, 1, 1, 0, 1, 0], [0, 1, 1, 1, 0, 1, 0, 1, 1, 1, 0], [0, 0, 0, 1, 0, 1, 0, 1, 0, 0, 0], [0, 1, 1, 1, 1, 1, 1, 1, 1, 1, 0], [0, 1, 0, 1, 0, 0, 0, 1, 0, 1, 0], [0, 1, 0, 1, 0, 1, 0, 1, 0, 1, 0], [0, 1, 0, 1, 0, 1, 1, 1, 0, 1, 0], [0, 2, 0, 1, 0, 1, 1, 1, 0, 1, 0], [0, 2, 0, 1, 0, 1, 0, 1, 0, 1, 0], [0, 2, 0, 1, 0, 0, 0, 1, 0, 1, 0], [0, 2, 2, 1, 2, 1, 1, 1, 1, 1, 0], [0, 0, 0, 1, 0, 1, 0, 1, 0, 0, 0], [0, 2, 2, 1, 0, 1, 0, 1, 1, 1, 0], [0, 2, 0, 1, 1, 1, 1, 1, 0, 1, 0], [0, 2, 0, 0, 0, 1, 0, 0, 0, 1, 0], [0, 3, 2, 2, 2, 1, 1, 1, 1, 1, 0], [0, 0, 0, 0, 0, 0, 0, 0, 0, 0, 0]]"
2026-05-23T18:24:01.682756,0,East,1056.0,False,False,False,"[[0, 0, 0, 0, 0, 0, 0, 0, 0, 0, 0], [0, 4, 4, 1, 1, 1, 1, 1, 1, 1, 0], [0, 5, 0, 0, 0, 1, 0, 0, 0, 1, 0], [0, 1, 0, 1, 1, 1, 1, 1, 0, 1, 0], [0, 1, 1, 1, 0, 1, 0, 1, 1, 1, 0], [0, 0, 0, 1, 0, 1, 0, 1, 0, 0, 0], [0, 1, 1, 1, 1, 1, 1, 1, 1, 1, 0], [0, 1, 0, 1, 0, 0, 0, 1, 0, 1, 0], [0, 1, 0, 1, 0, 1, 0, 1, 0, 1, 0], [0, 1, 0, 1, 0, 1, 1, 1, 0, 1, 0], [0, 2, 0, 1, 0, 1, 1, 1, 0, 1, 0], [0, 2, 0, 1, 0, 1, 0, 1, 0, 1, 0], [0, 2, 0, 1, 0, 0, 0, 1, 0, 1, 0], [0, 2, 2, 1, 2, 1, 1, 1, 1, 1, 0], [0, 0, 0, 1, 0, 1, 0, 1, 0, 0, 0], [0, 2, 2, 1, 0, 1, 0, 1, 1, 1, 0], [0, 2, 0, 1, 1, 1, 1, 1, 0, 1, 0], [0, 2, 0, 0, 0, 1, 0, 0, 0, 1, 0], [0, 3, 2, 2, 2, 1, 1, 1, 1, 1, 0], [0, 0, 0, 0, 0, 0, 0, 0, 0, 0, 0]]"
2026-05-23T18:24:01.801229,0,East,1055.0,False,False,False,"[[0, 0, 0, 0, 0, 0, 0, 0, 0, 0, 0], [0, 4, 1, 1, 1, 1, 1, 1, 1, 1, 0], [0, 4, 0, 0, 0, 1, 0, 0, 0, 1, 0], [0, 5, 0, 1, 1, 1, 1, 1, 0, 1, 0], [0, 1, 1, 1, 0, 1, 0, 1, 1, 1, 0], [0, 0, 0, 1, 0, 1, 0, 1, 0, 0, 0], [0, 1, 1, 1, 1, 1, 1, 1, 1, 1, 0], [0, 1, 0, 1, 0, 0, 0, 1, 0, 1, 0], [0, 1, 0, 1, 0, 1, 0, 1, 0, 1, 0], [0, 1, 0, 1, 0, 1, 1, 1, 0, 1, 0], [0, 2, 0, 1, 0, 1, 1, 1, 0, 1, 0], [0, 2, 0, 1, 0, 1, 0, 1, 0, 1, 0], [0, 2, 0, 1, 0, 0, 0, 1, 0, 1, 0], [0, 2, 2, 1, 2, 1, 1, 1, 1, 1, 0], [0, 0, 0, 1, 0, 1, 0, 1, 0, 0, 0], [0, 2, 2, 1, 0, 1, 0, 1, 1, 1, 0], [0, 2, 0, 1, 1, 1, 1, 1, 0, 1, 0], [0, 2, 0, 0, 0, 1, 0, 0, 0, 1, 0], [0, 3, 2, 2, 2, 1, 1, 1, 1, 1, 0], [0, 0, 0, 0, 0, 0, 0, 0, 0, 0, 0]]"
2026-05-23T18:24:01.919227,0,North,1054.0,False,False,False,"[[0, 0, 0, 0, 0, 0, 0, 0, 0, 0, 0], [0, 1, 1, 1, 1, 1, 1, 1, 1, 1, 0], [0, 4, 0, 0, 0, 1, 0, 0, 0, 1, 0], [0, 4, 0, 1, 1, 1, 1, 1, 0, 1, 0], [0, 5, 1, 1, 0, 1, 0, 1, 1, 1, 0], [0, 0, 0, 1, 0, 1, 0, 1, 0, 0, 0], [0, 1, 1, 1, 1, 1, 1, 1, 1, 1, 0], [0, 1, 0, 1, 0, 0, 0, 1, 0, 1, 0], [0, 1, 0, 1, 0, 1, 0, 1, 0, 1, 0], [0, 1, 0, 1, 0, 1, 1, 1, 0, 1, 0], [0, 2, 0, 1, 0, 1, 1, 1, 0, 1, 0], [0, 2, 0, 1, 0, 1, 0, 1, 0, 1, 0], [0, 2, 0, 1, 0, 0, 0, 1, 0, 1, 0], [0, 2, 2, 1, 2, 1, 1, 1, 1, 1, 0], [0, 0, 0, 1, 0, 1, 0, 1, 0, 0, 0], [0, 2, 2, 1, 0, 1, 0, 1, 1, 1, 0], [0, 2, 0, 1, 1, 1, 1, 1, 0, 1, 0], [0, 2, 0, 0, 0, 1, 0, 0, 0, 1, 0], [0, 3, 2, 2, 2, 1, 1, 1, 1, 1, 0], [0, 0, 0, 0, 0, 0, 0, 0, 0, 0, 0]]"
2026-05-23T18:24:02.033327,0,North,1053.0,False,False,False,"[[0, 0, 0, 0, 0, 0, 0, 0, 0, 0, 0], [0, 1, 1, 1, 1, 1, 1, 1, 1, 1, 0], [0, 1, 0, 0, 0, 1, 0, 0, 0, 1, 0], [0, 4, 0, 1, 1, 1, 1, 1, 0, 1, 0], [0, 4, 5, 1, 0, 1, 0, 1, 1, 1, 0], [0, 0, 0, 1, 0, 1, 0, 1, 0, 0, 0], [0, 1, 1, 1, 1, 1, 1, 1, 1, 1, 0], [0, 1, 0, 1, 0, 0, 0, 1, 0, 1, 0], [0, 1, 0, 1, 0, 1, 0, 1, 0, 1, 0], [0, 1, 0, 1, 0, 1, 1, 1, 0, 1, 0], [0, 2, 0, 1, 0, 1, 1, 1, 0, 1, 0], [0, 2, 0, 1, 0, 1, 0, 1, 0, 1, 0], [0, 2, 0, 1, 0, 0, 0, 1, 0, 1, 0], [0, 2, 2, 1, 2, 1, 1, 1, 1, 1, 0], [0, 0, 0, 1, 0, 1, 0, 1, 0, 0, 0], [0, 2, 2, 1, 0, 1, 0, 1, 1, 1, 0], [0, 2, 0, 1, 1, 1, 1, 1, 0, 1, 0], [0, 2, 0, 0, 0, 1, 0, 0, 0, 1, 0], [0, 3, 2, 2, 2, 1, 1, 1, 1, 1, 0], [0, 0, 0, 0, 0, 0, 0, 0, 0, 0, 0]]"
2026-05-23T18:24:02.149190,0,West,1052.0,False,False,False,"[[0, 0, 0, 0, 0, 0, 0, 0, 0, 0, 0], [0, 1, 1, 1, 1, 1, 1, 1, 1, 1, 0], [0, 1, 0, 0, 0, 1, 0, 0, 0, 1, 0], [0, 1, 0, 1, 1, 1, 1, 1, 0, 1, 0], [0, 4, 4, 5, 0, 1, 0, 1, 1, 1, 0], [0, 0, 0, 1, 0, 1, 0, 1, 0, 0, 0], [0, 1, 1, 1, 1, 1, 1, 1, 1, 1, 0], [0, 1, 0, 1, 0, 0, 0, 1, 0, 1, 0], [0, 1, 0, 1, 0, 1, 0, 1, 0, 1, 0], [0, 1, 0, 1, 0, 1, 1, 1, 0, 1, 0], [0, 2, 0, 1, 0, 1, 1, 1, 0, 1, 0], [0, 2, 0, 1, 0, 1, 0, 1, 0, 1, 0], [0, 2, 0, 1, 0, 0, 0, 1, 0, 1, 0], [0, 2, 2, 1, 2, 1, 1, 1, 1, 1, 0], [0, 0, 0, 1, 0, 1, 0, 1, 0, 0, 0], [0, 2, 2, 1, 0, 1, 0, 1, 1, 1, 0], [0, 2, 0, 1, 1, 1, 1, 1, 0, 1, 0], [0, 2, 0, 0, 0, 1, 0, 0, 0, 1, 0], [0, 3, 2, 2, 2, 1, 1, 1, 1, 1, 0], [0, 0, 0, 0, 0, 0, 0, 0, 0, 0, 0]]"
2026-05-23T18:24:02.268928,0,North,1051.0,False,False,False,"[[0, 0, 0, 0, 0, 0, 0, 0, 0, 0, 0], [0, 1, 1, 1, 1, 1, 1, 1, 1, 1, 0], [0, 1, 0, 0, 0, 1, 0, 0, 0, 1, 0], [0, 1, 0, 5, 1, 1, 1, 1, 0, 1, 0], [0, 1, 4, 4, 0, 1, 0, 1, 1, 1, 0], [0, 0, 0, 1, 0, 1, 0, 1, 0, 0, 0], [0, 1, 1, 1, 1, 1, 1, 1, 1, 1, 0], [0, 1, 0, 1, 0, 0, 0, 1, 0, 1, 0], [0, 1, 0, 1, 0, 1, 0, 1, 0, 1, 0], [0, 1, 0, 1, 0, 1, 1, 1, 0, 1, 0], [0, 2, 0, 1, 0, 1, 1, 1, 0, 1, 0], [0, 2, 0, 1, 0, 1, 0, 1, 0, 1, 0], [0, 2, 0, 1, 0, 0, 0, 1, 0, 1, 0], [0, 2, 2, 1, 2, 1, 1, 1, 1, 1, 0], [0, 0, 0, 1, 0, 1, 0, 1, 0, 0, 0], [0, 2, 2, 1, 0, 1, 0, 1, 1, 1, 0], [0, 2, 0, 1, 1, 1, 1, 1, 0, 1, 0], [0, 2, 0, 0, 0, 1, 0, 0, 0, 1, 0], [0, 3, 2, 2, 2, 1, 1, 1, 1, 1, 0], [0, 0, 0, 0, 0, 0, 0, 0, 0, 0, 0]]"
2026-05-23T18:24:02.385540,0,Stop,1050.0,False,False,False,"[[0, 0, 0, 0, 0, 0, 0, 0, 0, 0, 0], [0, 1, 1, 1, 1, 1, 1, 1, 1, 1, 0], [0, 1, 0, 0, 0, 1, 0, 0, 0, 1, 0], [0, 1, 0, 1, 5, 1, 1, 1, 0, 1, 0], [0, 1, 1, 4, 0, 1, 0, 1, 1, 1, 0], [0, 0, 0, 4, 0, 1, 0, 1, 0, 0, 0], [0, 1, 1, 1, 1, 1, 1, 1, 1, 1, 0], [0, 1, 0, 1, 0, 0, 0, 1, 0, 1, 0], [0, 1, 0, 1, 0, 1, 0, 1, 0, 1, 0], [0, 1, 0, 1, 0, 1, 1, 1, 0, 1, 0], [0, 2, 0, 1, 0, 1, 1, 1, 0, 1, 0], [0, 2, 0, 1, 0, 1, 0, 1, 0, 1, 0], [0, 2, 0, 1, 0, 0, 0, 1, 0, 1, 0], [0, 2, 2, 1, 2, 1, 1, 1, 1, 1, 0], [0, 0, 0, 1, 0, 1, 0, 1, 0, 0, 0], [0, 2, 2, 1, 0, 1, 0, 1, 1, 1, 0], [0, 2, 0, 1, 1, 1, 1, 1, 0, 1, 0], [0, 2, 0, 0, 0, 1, 0, 0, 0, 1, 0], [0, 3, 2, 2, 2, 1, 1, 1, 1, 1, 0], [0, 0, 0, 0, 0, 0, 0, 0, 0, 0, 0]]"
2026-05-23T18:24:02.505518,0,North,1049.0,False,False,False,"[[0, 0, 0, 0, 0, 0, 0, 0, 0, 0, 0], [0, 1, 1, 1, 1, 1, 1, 1, 1, 1, 0], [0, 1, 0, 0, 0, 1, 0, 0, 0, 1, 0], [0, 1, 0, 4, 5, 1, 1, 1, 0, 1, 0], [0, 1, 1, 1, 0, 1, 0, 1, 1, 1, 0], [0, 0, 0, 1, 0, 1, 0, 1, 0, 0, 0], [0, 1, 1, 4, 1, 1, 1, 1, 1, 1, 0], [0, 1, 0, 1, 0, 0, 0, 1, 0, 1, 0], [0, 1, 0, 1, 0, 1, 0, 1, 0, 1, 0], [0, 1, 0, 1, 0, 1, 1, 1, 0, 1, 0], [0, 2, 0, 1, 0, 1, 1, 1, 0, 1, 0], [0, 2, 0, 1, 0, 1, 0, 1, 0, 1, 0], [0, 2, 0, 1, 0, 0, 0, 1, 0, 1, 0], [0, 2, 2, 1, 2, 1, 1, 1, 1, 1, 0], [0, 0, 0, 1, 0, 1, 0, 1, 0, 0, 0], [0, 2, 2, 1, 0, 1, 0, 1, 1, 1, 0], [0, 2, 0, 1, 1, 1, 1, 1, 0, 1, 0], [0, 2, 0, 0, 0, 1, 0, 0, 0, 1, 0], [0, 3, 2, 2, 2, 1, 1, 1, 1, 1, 0], [0, 0, 0, 0, 0, 0, 0, 0, 0, 0, 0]]"
2026-05-23T18:24:02.623856,0,West,1048.0,False,False,False,"[[0, 0, 0, 0, 0, 0, 0, 0, 0, 0, 0], [0, 1, 1, 1, 1, 1, 1, 1, 1, 1, 0], [0, 1, 0, 0, 0, 1, 0, 0, 0, 1, 0], [0, 1, 0, 1, 4, 5, 1, 1, 0, 1, 0], [0, 1, 1, 1, 0, 1, 0, 1, 1, 1, 0], [0, 0, 0, 1, 0, 1, 0, 1, 0, 0, 0], [0, 1, 1, 1, 4, 1, 1, 1, 1, 1, 0], [0, 1, 0, 1, 0, 0, 0, 1, 0, 1, 0], [0, 1, 0, 1, 0, 1, 0, 1, 0, 1, 0], [0, 1, 0, 1, 0, 1, 1, 1, 0, 1, 0], [0, 2, 0, 1, 0, 1, 1, 1, 0, 1, 0], [0, 2, 0, 1, 0, 1, 0, 1, 0, 1, 0], [0, 2, 0, 1, 0, 0, 0, 1, 0, 1, 0], [0, 2, 2, 1, 2, 1, 1, 1, 1, 1, 0], [0, 0, 0, 1, 0, 1, 0, 1, 0, 0, 0], [0, 2, 2, 1, 0, 1, 0, 1, 1, 1, 0], [0, 2, 0, 1, 1, 1, 1, 1, 0, 1, 0], [0, 2, 0, 0, 0, 1, 0, 0, 0, 1, 0], [0, 3, 2, 2, 2, 1, 1, 1, 1, 1, 0], [0, 0, 0, 0, 0, 0, 0, 0, 0, 0, 0]]"
2026-05-23T18:24:02.741737,0,West,1047.0,False,False,False,"[[0, 0, 0, 0, 0, 0, 0, 0, 0, 0, 0], [0, 1, 1, 1, 1, 1, 1, 1, 1, 1, 0], [0, 1, 0, 0, 0, 5, 0, 0, 0, 1, 0], [0, 1, 0, 1, 1, 4, 1, 1, 0, 1, 0], [0, 1, 1, 1, 0, 1, 0, 1, 1, 1, 0], [0, 0, 0, 1, 0, 1, 0, 1, 0, 0, 0], [0, 1, 1, 1, 1, 4, 1, 1, 1, 1, 0], [0, 1, 0, 1, 0, 0, 0, 1, 0, 1, 0], [0, 1, 0, 1, 0, 1, 0, 1, 0, 1, 0], [0, 1, 0, 1, 0, 1, 1, 1, 0, 1, 0], [0, 2, 0, 1, 0, 1, 1, 1, 0, 1, 0], [0, 2, 0, 1, 0, 1, 0, 1, 0, 1, 0], [0, 2, 0, 1, 0, 0, 0, 1, 0, 1, 0], [0, 2, 2, 1, 2, 1, 1, 1, 1, 1, 0], [0, 0, 0, 1, 0, 1, 0, 1, 0, 0, 0], [0, 2, 2, 1, 0, 1, 0, 1, 1, 1, 0], [0, 2, 0, 1, 1, 1, 1, 1, 0, 1, 0], [0, 2, 0, 0, 0, 1, 0, 0, 0, 1, 0], [0, 3, 2, 2, 2, 1, 1, 1, 1, 1, 0], [0, 0, 0, 0, 0, 0, 0, 0, 0, 0, 0]]"
2026-05-23T18:24:02.858032,0,North,1046.0,False,False,False,"[[0, 0, 0, 0, 0, 0, 0, 0, 0, 0, 0], [0, 1, 1, 1, 1, 5, 1, 1, 1, 1, 0], [0, 1, 0, 0, 0, 4, 0, 0, 0, 1, 0], [0, 1, 0, 1, 1, 1, 1, 1, 0, 1, 0], [0, 1, 1, 1, 0, 1, 0, 1, 1, 1, 0], [0, 0, 0, 1, 0, 4, 0, 1, 0, 0, 0], [0, 1, 1, 1, 1, 1, 1, 1, 1, 1, 0], [0, 1, 0, 1, 0, 0, 0, 1, 0, 1, 0], [0, 1, 0, 1, 0, 1, 0, 1, 0, 1, 0], [0, 1, 0, 1, 0, 1, 1, 1, 0, 1, 0], [0, 2, 0, 1, 0, 1, 1, 1, 0, 1, 0], [0, 2, 0, 1, 0, 1, 0, 1, 0, 1, 0], [0, 2, 0, 1, 0, 0, 0, 1, 0, 1, 0], [0, 2, 2, 1, 2, 1, 1, 1, 1, 1, 0], [0, 0, 0, 1, 0, 1, 0, 1, 0, 0, 0], [0, 2, 2, 1, 0, 1, 0, 1, 1, 1, 0], [0, 2, 0, 1, 1, 1, 1, 1, 0, 1, 0], [0, 2, 0, 0, 0, 1, 0, 0, 0, 1, 0], [0, 3, 2, 2, 2, 1, 1, 1, 1, 1, 0], [0, 0, 0, 0, 0, 0, 0, 0, 0, 0, 0]]"
2026-05-23T18:24:02.973993,0,North,1045.0,False,False,False,"[[0, 0, 0, 0, 0, 0, 0, 0, 0, 0, 0], [0, 1, 1, 1, 1, 4, 5, 1, 1, 1, 0], [0, 1, 0, 0, 0, 1, 0, 0, 0, 1, 0], [0, 1, 0, 1, 1, 1, 1, 1, 0, 1, 0], [0, 1, 1, 1, 0, 4, 0, 1, 1, 1, 0], [0, 0, 0, 1, 0, 1, 0, 1, 0, 0, 0], [0, 1, 1, 1, 1, 1, 1, 1, 1, 1, 0], [0, 1, 0, 1, 0, 0, 0, 1, 0, 1, 0], [0, 1, 0, 1, 0, 1, 0, 1, 0, 1, 0], [0, 1, 0, 1, 0, 1, 1, 1, 0, 1, 0], [0, 2, 0, 1, 0, 1, 1, 1, 0, 1, 0], [0, 2, 0, 1, 0, 1, 0, 1, 0, 1, 0], [0, 2, 0, 1, 0, 0, 0, 1, 0, 1, 0], [0, 2, 2, 1, 2, 1, 1, 1, 1, 1, 0], [0, 0, 0, 1, 0, 1, 0, 1, 0, 0, 0], [0, 2, 2, 1, 0, 1, 0, 1, 1, 1, 0], [0, 2, 0, 1, 1, 1, 1, 1, 0, 1, 0], [0, 2, 0, 0, 0, 1, 0, 0, 0, 1, 0], [0, 3, 2, 2, 2, 1, 1, 1, 1, 1, 0], [0, 0, 0, 0, 0, 0, 0, 0, 0, 0, 0]]"
2026-05-23T18:24:03.089237,0,North,1044.0,False,False,False,"[[0, 0, 0, 0, 0, 0, 0, 0, 0, 0, 0], [0, 1, 1, 1, 1, 1, 4, 5, 1, 1, 0], [0, 1, 0, 0, 0, 1, 0, 0, 0, 1, 0], [0, 1, 0, 1, 1, 4, 1, 1, 0, 1, 0], [0, 1, 1, 1, 0, 1, 0, 1, 1, 1, 0], [0, 0, 0, 1, 0, 1, 0, 1, 0, 0, 0], [0, 1, 1, 1, 1, 1, 1, 1, 1, 1, 0], [0, 1, 0, 1, 0, 0, 0, 1, 0, 1, 0], [0, 1, 0, 1, 0, 1, 0, 1, 0, 1, 0], [0, 1, 0, 1, 0, 1, 1, 1, 0, 1, 0], [0, 2, 0, 1, 0, 1, 1, 1, 0, 1, 0], [0, 2, 0, 1, 0, 1, 0, 1, 0, 1, 0], [0, 2, 0, 1, 0, 0, 0, 1, 0, 1, 0], [0, 2, 2, 1, 2, 1, 1, 1, 1, 1, 0], [0, 0, 0, 1, 0, 1, 0, 1, 0, 0, 0], [0, 2, 2, 1, 0, 1, 0, 1, 1, 1, 0], [0, 2, 0, 1, 1, 1, 1, 1, 0, 1, 0], [0, 2, 0, 0, 0, 1, 0, 0, 0, 1, 0], [0, 3, 2, 2, 2, 1, 1, 1, 1, 1, 0], [0, 0, 0, 0, 0, 0, 0, 0, 0, 0, 0]]"
2026-05-23T18:24:03.204037,0,North,1043.0,False,False,False,"[[0, 0, 0, 0, 0, 0, 0, 0, 0, 0, 0], [0, 1, 1, 1, 1, 1, 1, 4, 5, 1, 0], [0, 1, 0, 0, 0, 4, 0, 0, 0, 1, 0], [0, 1, 0, 1, 1, 1, 1, 1, 0, 1, 0], [0, 1, 1, 1, 0, 1, 0, 1, 1, 1, 0], [0, 0, 0, 1, 0, 1, 0, 1, 0, 0, 0], [0, 1, 1, 1, 1, 1, 1, 1, 1, 1, 0], [0, 1, 0, 1, 0, 0, 0, 1, 0, 1, 0], [0, 1, 0, 1, 0, 1, 0, 1, 0, 1, 0], [0, 1, 0, 1, 0, 1, 1, 1, 0, 1, 0], [0, 2, 0, 1, 0, 1, 1, 1, 0, 1, 0], [0, 2, 0, 1, 0, 1, 0, 1, 0, 1, 0], [0, 2, 0, 1, 0, 0, 0, 1, 0, 1, 0], [0, 2, 2, 1, 2, 1, 1, 1, 1, 1, 0], [0, 0, 0, 1, 0, 1, 0, 1, 0, 0, 0], [0, 2, 2, 1, 0, 1, 0, 1, 1, 1, 0], [0, 2, 0, 1, 1, 1, 1, 1, 0, 1, 0], [0, 2, 0, 0, 0, 1, 0, 0, 0, 1, 0], [0, 3, 2, 2, 2, 1, 1, 1, 1, 1, 0], [0, 0, 0, 0, 0, 0, 0, 0, 0, 0, 0]]"
2026-05-23T18:24:03.321441,0,East,1042.0,False,False,False,"[[0, 0, 0, 0, 0, 0, 0, 0, 0, 0, 0], [0, 1, 1, 1, 1, 4, 1, 1, 4, 5, 0], [0, 1, 0, 0, 0, 1, 0, 0, 0, 1, 0], [0, 1, 0, 1, 1, 1, 1, 1, 0, 1, 0], [0, 1, 1, 1, 0, 1, 0, 1, 1, 1, 0], [0, 0, 0, 1, 0, 1, 0, 1, 0, 0, 0], [0, 1, 1, 1, 1, 1, 1, 1, 1, 1, 0], [0, 1, 0, 1, 0, 0, 0, 1, 0, 1, 0], [0, 1, 0, 1, 0, 1, 0, 1, 0, 1, 0], [0, 1, 0, 1, 0, 1, 1, 1, 0, 1, 0], [0, 2, 0, 1, 0, 1, 1, 1, 0, 1, 0], [0, 2, 0, 1, 0, 1, 0, 1, 0, 1, 0], [0, 2, 0, 1, 0, 0, 0, 1, 0, 1, 0], [0, 2, 2, 1, 2, 1, 1, 1, 1, 1, 0], [0, 0, 0, 1, 0, 1, 0, 1, 0, 0, 0], [0, 2, 2, 1, 0, 1, 0, 1, 1, 1, 0], [0, 2, 0, 1, 1, 1, 1, 1, 0, 1, 0], [0, 2, 0, 0, 0, 1, 0, 0, 0, 1, 0], [0, 3, 2, 2, 2, 1, 1, 1, 1, 1, 0], [0, 0, 0, 0, 0, 0, 0, 0, 0, 0, 0]]"
2026-05-23T18:24:03.437555,0,East,1041.0,False,False,False,"[[0, 0, 0, 0, 0, 0, 0, 0, 0, 0, 0], [0, 1, 1, 1, 1, 1, 4, 1, 1, 4, 0], [0, 1, 0, 0, 0, 1, 0, 0, 0, 5, 0], [0, 1, 0, 1, 1, 1, 1, 1, 0, 1, 0], [0, 1, 1, 1, 0, 1, 0, 1, 1, 1, 0], [0, 0, 0, 1, 0, 1, 0, 1, 0, 0, 0], [0, 1, 1, 1, 1, 1, 1, 1, 1, 1, 0], [0, 1, 0, 1, 0, 0, 0, 1, 0, 1, 0], [0, 1, 0, 1, 0, 1, 0, 1, 0, 1, 0], [0, 1, 0, 1, 0, 1, 1, 1, 0, 1, 0], [0, 2, 0, 1, 0, 1, 1, 1, 0, 1, 0], [0, 2, 0, 1, 0, 1, 0, 1, 0, 1, 0], [0, 2, 0, 1, 0, 0, 0, 1, 0, 1, 0], [0, 2, 2, 1, 2, 1, 1, 1, 1, 1, 0], [0, 0, 0, 1, 0, 1, 0, 1, 0, 0, 0], [0, 2, 2, 1, 0, 1, 0, 1, 1, 1, 0], [0, 2, 0, 1, 1, 1, 1, 1, 0, 1, 0], [0, 2, 0, 0, 0, 1, 0, 0, 0, 1, 0], [0, 3, 2, 2, 2, 1, 1, 1, 1, 1, 0], [0, 0, 0, 0, 0, 0, 0, 0, 0, 0, 0]]"
2026-05-23T18:24:03.553698,0,East,1040.0,False,False,False,"[[0, 0, 0, 0, 0, 0, 0, 0, 0, 0, 0], [0, 1, 1, 1, 1, 1, 1, 4, 1, 1, 0], [0, 1, 0, 0, 0, 1, 0, 0, 0, 4, 0], [0, 1, 0, 1, 1, 1, 1, 1, 0, 5, 0], [0, 1, 1, 1, 0, 1, 0, 1, 1, 1, 0], [0, 0, 0, 1, 0, 1, 0, 1, 0, 0, 0], [0, 1, 1, 1, 1, 1, 1, 1, 1, 1, 0], [0, 1, 0, 1, 0, 0, 0, 1, 0, 1, 0], [0, 1, 0, 1, 0, 1, 0, 1, 0, 1, 0], [0, 1, 0, 1, 0, 1, 1, 1, 0, 1, 0], [0, 2, 0, 1, 0, 1, 1, 1, 0, 1, 0], [0, 2, 0, 1, 0, 1, 0, 1, 0, 1, 0], [0, 2, 0, 1, 0, 0, 0, 1, 0, 1, 0], [0, 2, 2, 1, 2, 1, 1, 1, 1, 1, 0], [0, 0, 0, 1, 0, 1, 0, 1, 0, 0, 0], [0, 2, 2, 1, 0, 1, 0, 1, 1, 1, 0], [0, 2, 0, 1, 1, 1, 1, 1, 0, 1, 0], [0, 2, 0, 0, 0, 1, 0, 0, 0, 1, 0], [0, 3, 2, 2, 2, 1, 1, 1, 1, 1, 0], [0, 0, 0, 0, 0, 0, 0, 0, 0, 0, 0]]"
2026-05-23T18:24:03.671453,0,South,1039.0,False,False,False,"[[0, 0, 0, 0, 0, 0, 0, 0, 0, 0, 0], [0, 1, 1, 1, 1, 1, 1, 1, 4, 1, 0], [0, 1, 0, 0, 0, 1, 0, 0, 0, 1, 0], [0, 1, 0, 1, 1, 1, 1, 1, 0, 4, 0], [0, 1, 1, 1, 0, 1, 0, 1, 1, 5, 0], [0, 0, 0, 1, 0, 1, 0, 1, 0, 0, 0], [0, 1, 1, 1, 1, 1, 1, 1, 1, 1, 0], [0, 1, 0, 1, 0, 0, 0, 1, 0, 1, 0], [0, 1, 0, 1, 0, 1, 0, 1, 0, 1, 0], [0, 1, 0, 1, 0, 1, 1, 1, 0, 1, 0], [0, 2, 0, 1, 0, 1, 1, 1, 0, 1, 0], [0, 2, 0, 1, 0, 1, 0, 1, 0, 1, 0], [0, 2, 0, 1, 0, 0, 0, 1, 0, 1, 0], [0, 2, 2, 1, 2, 1, 1, 1, 1, 1, 0], [0, 0, 0, 1, 0, 1, 0, 1, 0, 0, 0], [0, 2, 2, 1, 0, 1, 0, 1, 1, 1, 0], [0, 2, 0, 1, 1, 1, 1, 1, 0, 1, 0], [0, 2, 0, 0, 0, 1, 0, 0, 0, 1, 0], [0, 3, 2, 2, 2, 1, 1, 1, 1, 1, 0], [0, 0, 0, 0, 0, 0, 0, 0, 0, 0, 0]]"
2026-05-23T18:24:03.787722,0,South,1038.0,False,False,False,"[[0, 0, 0, 0, 0, 0, 0, 0, 0, 0, 0], [0, 1, 1, 1, 1, 1, 1, 1, 1, 4, 0], [0, 1, 0, 0, 0, 1, 0, 0, 0, 1, 0], [0, 1, 0, 1, 1, 1, 1, 1, 0, 1, 0], [0, 1, 1, 1, 0, 1, 0, 1, 5, 4, 0], [0, 0, 0, 1, 0, 1, 0, 1, 0, 0, 0], [0, 1, 1, 1, 1, 1, 1, 1, 1, 1, 0], [0, 1, 0, 1, 0, 0, 0, 1, 0, 1, 0], [0, 1, 0, 1, 0, 1, 0, 1, 0, 1, 0], [0, 1, 0, 1, 0, 1, 1, 1, 0, 1, 0], [0, 2, 0, 1, 0, 1, 1, 1, 0, 1, 0], [0, 2, 0, 1, 0, 1, 0, 1, 0, 1, 0], [0, 2, 0, 1, 0, 0, 0, 1, 0, 1, 0], [0, 2, 2, 1, 2, 1, 1, 1, 1, 1, 0], [0, 0, 0, 1, 0, 1, 0, 1, 0, 0, 0], [0, 2, 2, 1, 0, 1, 0, 1, 1, 1, 0], [0, 2, 0, 1, 1, 1, 1, 1, 0, 1, 0], [0, 2, 0, 0, 0, 1, 0, 0, 0, 1, 0], [0, 3, 2, 2, 2, 1, 1, 1, 1, 1, 0], [0, 0, 0, 0, 0, 0, 0, 0, 0, 0, 0]]"
2026-05-23T18:24:03.904351,0,West,1037.0,False,False,False,"[[0, 0, 0, 0, 0, 0, 0, 0, 0, 0, 0], [0, 1, 1, 1, 1, 1, 1, 1, 1, 1, 0], [0, 1, 0, 0, 0, 1, 0, 0, 0, 4, 0], [0, 1, 0, 1, 1, 1, 1, 1, 0, 1, 0], [0, 1, 1, 1, 0, 1, 0, 5, 4, 1, 0], [0, 0, 0, 1, 0, 1, 0, 1, 0, 0, 0], [0, 1, 1, 1, 1, 1, 1, 1, 1, 1, 0], [0, 1, 0, 1, 0, 0, 0, 1, 0, 1, 0], [0, 1, 0, 1, 0, 1, 0, 1, 0, 1, 0], [0, 1, 0, 1, 0, 1, 1, 1, 0, 1, 0], [0, 2, 0, 1, 0, 1, 1, 1, 0, 1, 0], [0, 2, 0, 1, 0, 1, 0, 1, 0, 1, 0], [0, 2, 0, 1, 0, 0, 0, 1, 0, 1, 0], [0, 2, 2, 1, 2, 1, 1, 1, 1, 1, 0], [0, 0, 0, 1, 0, 1, 0, 1, 0, 0, 0], [0, 2, 2, 1, 0, 1, 0, 1, 1, 1, 0], [0, 2, 0, 1, 1, 1, 1, 1, 0, 1, 0], [0, 2, 0, 0, 0, 1, 0, 0, 0, 1, 0], [0, 3, 2, 2, 2, 1, 1, 1, 1, 1, 0], [0, 0, 0, 0, 0, 0, 0, 0, 0, 0, 0]]"
2026-05-23T18:24:04.021336,0,South,1036.0,False,False,False,"[[0, 0, 0, 0, 0, 0, 0, 0, 0, 0, 0], [0, 1, 1, 1, 1, 1, 1, 1, 1, 1, 0], [0, 1, 0, 0, 0, 1, 0, 0, 0, 1, 0], [0, 1, 0, 1, 1, 1, 1, 5, 0, 4, 0], [0, 1, 1, 1, 0, 1, 0, 4, 1, 1, 0], [0, 0, 0, 1, 0, 1, 0, 1, 0, 0, 0], [0, 1, 1, 1, 1, 1, 1, 1, 1, 1, 0], [0, 1, 0, 1, 0, 0, 0, 1, 0, 1, 0], [0, 1, 0, 1, 0, 1, 0, 1, 0, 1, 0], [0, 1, 0, 1, 0, 1, 1, 1, 0, 1, 0], [0, 2, 0, 1, 0, 1, 1, 1, 0, 1, 0], [0, 2, 0, 1, 0, 1, 0, 1, 0, 1, 0], [0, 2, 0, 1, 0, 0, 0, 1, 0, 1, 0], [0, 2, 2, 1, 2, 1, 1, 1, 1, 1, 0], [0, 0, 0, 1, 0, 1, 0, 1, 0, 0, 0], [0, 2, 2, 1, 0, 1, 0, 1, 1, 1, 0], [0, 2, 0, 1, 1, 1, 1, 1, 0, 1, 0], [0, 2, 0, 0, 0, 1, 0, 0, 0, 1, 0], [0, 3, 2, 2, 2, 1, 1, 1, 1, 1, 0], [0, 0, 0, 0, 0, 0, 0, 0, 0, 0, 0]]"
2026-05-23T18:24:04.142058,0,South,1035.0,False,False,False,"[[0, 0, 0, 0, 0, 0, 0, 0, 0, 0, 0], [0, 1, 1, 1, 1, 1, 1, 1, 1, 1, 0], [0, 1, 0, 0, 0, 1, 0, 0, 0, 1, 0], [0, 1, 0, 1, 1, 1, 5, 4, 0, 1, 0], [0, 1, 1, 1, 0, 1, 0, 1, 1, 4, 0], [0, 0, 0, 1, 0, 1, 0, 1, 0, 0, 0], [0, 1, 1, 1, 1, 1, 1, 1, 1, 1, 0], [0, 1, 0, 1, 0, 0, 0, 1, 0, 1, 0], [0, 1, 0, 1, 0, 1, 0, 1, 0, 1, 0], [0, 1, 0, 1, 0, 1, 1, 1, 0, 1, 0], [0, 2, 0, 1, 0, 1, 1, 1, 0, 1, 0], [0, 2, 0, 1, 0, 1, 0, 1, 0, 1, 0], [0, 2, 0, 1, 0, 0, 0, 1, 0, 1, 0], [0, 2, 2, 1, 2, 1, 1, 1, 1, 1, 0], [0, 0, 0, 1, 0, 1, 0, 1, 0, 0, 0], [0, 2, 2, 1, 0, 1, 0, 1, 1, 1, 0], [0, 2, 0, 1, 1, 1, 1, 1, 0, 1, 0], [0, 2, 0, 0, 0, 1, 0, 0, 0, 1, 0], [0, 3, 2, 2, 2, 1, 1, 1, 1, 1, 0], [0, 0, 0, 0, 0, 0, 0, 0, 0, 0, 0]]"
2026-05-23T18:24:04.259948,0,West,1034.0,False,False,False,"[[0, 0, 0, 0, 0, 0, 0, 0, 0, 0, 0], [0, 1, 1, 1, 1, 1, 1, 1, 1, 1, 0], [0, 1, 0, 0, 0, 1, 0, 0, 0, 1, 0], [0, 1, 0, 1, 1, 5, 4, 1, 0, 1, 0], [0, 1, 1, 1, 0, 1, 0, 1, 4, 1, 0], [0, 0, 0, 1, 0, 1, 0, 1, 0, 0, 0], [0, 1, 1, 1, 1, 1, 1, 1, 1, 1, 0], [0, 1, 0, 1, 0, 0, 0, 1, 0, 1, 0], [0, 1, 0, 1, 0, 1, 0, 1, 0, 1, 0], [0, 1, 0, 1, 0, 1, 1, 1, 0, 1, 0], [0, 2, 0, 1, 0, 1, 1, 1, 0, 1, 0], [0, 2, 0, 1, 0, 1, 0, 1, 0, 1, 0], [0, 2, 0, 1, 0, 0, 0, 1, 0, 1, 0], [0, 2, 2, 1, 2, 1, 1, 1, 1, 1, 0], [0, 0, 0, 1, 0, 1, 0, 1, 0, 0, 0], [0, 2, 2, 1, 0, 1, 0, 1, 1, 1, 0], [0, 2, 0, 1, 1, 1, 1, 1, 0, 1, 0], [0, 2, 0, 0, 0, 1, 0, 0, 0, 1, 0], [0, 3, 2, 2, 2, 1, 1, 1, 1, 1, 0], [0, 0, 0, 0, 0, 0, 0, 0, 0, 0, 0]]"
2026-05-23T18:24:04.377419,0,West,1033.0,False,False,False,"[[0, 0, 0, 0, 0, 0, 0, 0, 0, 0, 0], [0, 1, 1, 1, 1, 1, 1, 1, 1, 1, 0], [0, 1, 0, 0, 0, 5, 0, 0, 0, 1, 0], [0, 1, 0, 1, 1, 4, 1, 1, 0, 1, 0], [0, 1, 1, 1, 0, 1, 0, 4, 1, 1, 0], [0, 0, 0, 1, 0, 1, 0, 1, 0, 0, 0], [0, 1, 1, 1, 1, 1, 1, 1, 1, 1, 0], [0, 1, 0, 1, 0, 0, 0, 1, 0, 1, 0], [0, 1, 0, 1, 0, 1, 0, 1, 0, 1, 0], [0, 1, 0, 1, 0, 1, 1, 1, 0, 1, 0], [0, 2, 0, 1, 0, 1, 1, 1, 0, 1, 0], [0, 2, 0, 1, 0, 1, 0, 1, 0, 1, 0], [0, 2, 0, 1, 0, 0, 0, 1, 0, 1, 0], [0, 2, 2, 1, 2, 1, 1, 1, 1, 1, 0], [0, 0, 0, 1, 0, 1, 0, 1, 0, 0, 0], [0, 2, 2, 1, 0, 1, 0, 1, 1, 1, 0], [0, 2, 0, 1, 1, 1, 1, 1, 0, 1, 0], [0, 2, 0, 0, 0, 1, 0, 0, 0, 1, 0], [0, 3, 2, 2, 2, 1, 1, 1, 1, 1, 0], [0, 0, 0, 0, 0, 0, 0, 0, 0, 0, 0]]"
2026-05-23T18:24:04.497218,0,North,1032.0,False,False,False,"[[0, 0, 0, 0, 0, 0, 0, 0, 0, 0, 0], [0, 1, 1, 1, 1, 5, 1, 1, 1, 1, 0], [0, 1, 0, 0, 0, 4, 0, 0, 0, 1, 0], [0, 1, 0, 1, 1, 1, 1, 1, 0, 1, 0], [0, 1, 1, 1, 0, 1, 0, 1, 1, 1, 0], [0, 0, 0, 1, 0, 1, 0, 4, 0, 0, 0], [0, 1, 1, 1, 1, 1, 1, 1, 1, 1, 0], [0, 1, 0, 1, 0, 0, 0, 1, 0, 1, 0], [0, 1, 0, 1, 0, 1, 0, 1, 0, 1, 0], [0, 1, 0, 1, 0, 1, 1, 1, 0, 1, 0], [0, 2, 0, 1, 0, 1, 1, 1, 0, 1, 0], [0, 2, 0, 1, 0, 1, 0, 1, 0, 1, 0], [0, 2, 0, 1, 0, 0, 0, 1, 0, 1, 0], [0, 2, 2, 1, 2, 1, 1, 1, 1, 1, 0], [0, 0, 0, 1, 0, 1, 0, 1, 0, 0, 0], [0, 2, 2, 1, 0, 1, 0, 1, 1, 1, 0], [0, 2, 0, 1, 1, 1, 1, 1, 0, 1, 0], [0, 2, 0, 0, 0, 1, 0, 0, 0, 1, 0], [0, 3, 2, 2, 2, 1, 1, 1, 1, 1, 0], [0, 0, 0, 0, 0, 0, 0, 0, 0, 0, 0]]"
2026-05-23T18:24:04.616662,0,North,1031.0,False,False,False,"[[0, 0, 0, 0, 0, 0, 0, 0, 0, 0, 0], [0, 1, 1, 1, 1, 4, 5, 1, 1, 1, 0], [0, 1, 0, 0, 0, 1, 0, 0, 0, 1, 0], [0, 1, 0, 1, 1, 1, 1, 1, 0, 1, 0], [0, 1, 1, 1, 0, 1, 0, 1, 1, 1, 0], [0, 0, 0, 1, 0, 1, 0, 1, 0, 0, 0], [0, 1, 1, 1, 1, 1, 1, 4, 1, 1, 0], [0, 1, 0, 1, 0, 0, 0, 1, 0, 1, 0], [0, 1, 0, 1, 0, 1, 0, 1, 0, 1, 0], [0, 1, 0, 1, 0, 1, 1, 1, 0, 1, 0], [0, 2, 0, 1, 0, 1, 1, 1, 0, 1, 0], [0, 2, 0, 1, 0, 1, 0, 1, 0, 1, 0], [0, 2, 0, 1, 0, 0, 0, 1, 0, 1, 0], [0, 2, 2, 1, 2, 1, 1, 1, 1, 1, 0], [0, 0, 0, 1, 0, 1, 0, 1, 0, 0, 0], [0, 2, 2, 1, 0, 1, 0, 1, 1, 1, 0], [0, 2, 0, 1, 1, 1, 1, 1, 0, 1, 0], [0, 2, 0, 0, 0, 1, 0, 0, 0, 1, 0], [0, 3, 2, 2, 2, 1, 1, 1, 1, 1, 0], [0, 0, 0, 0, 0, 0, 0, 0, 0, 0, 0]]"
2026-05-23T18:24:04.731188,0,North,1030.0,False,False,False,"[[0, 0, 0, 0, 0, 0, 0, 0, 0, 0, 0], [0, 1, 1, 1, 1, 1, 4, 5, 1, 1, 0], [0, 1, 0, 0, 0, 1, 0, 0, 0, 1, 0], [0, 1, 0, 1, 1, 1, 1, 1, 0, 1, 0], [0, 1, 1, 1, 0, 1, 0, 1, 1, 1, 0], [0, 0, 0, 1, 0, 1, 0, 1, 0, 0, 0], [0, 1, 1, 1, 1, 1, 1, 1, 4, 1, 0], [0, 1, 0, 1, 0, 0, 0, 1, 0, 1, 0], [0, 1, 0, 1, 0, 1, 0, 1, 0, 1, 0], [0, 1, 0, 1, 0, 1, 1, 1, 0, 1, 0], [0, 2, 0, 1, 0, 1, 1, 1, 0, 1, 0], [0, 2, 0, 1, 0, 1, 0, 1, 0, 1, 0], [0, 2, 0, 1, 0, 0, 0, 1, 0, 1, 0], [0, 2, 2, 1, 2, 1, 1, 1, 1, 1, 0], [0, 0, 0, 1, 0, 1, 0, 1, 0, 0, 0], [0, 2, 2, 1, 0, 1, 0, 1, 1, 1, 0], [0, 2, 0, 1, 1, 1, 1, 1, 0, 1, 0], [0, 2, 0, 0, 0, 1, 0, 0, 0, 1, 0], [0, 3, 2, 2, 2, 1, 1, 1, 1, 1, 0], [0, 0, 0, 0, 0, 0, 0, 0, 0, 0, 0]]"
2026-05-23T18:24:04.845378,0,North,1029.0,False,False,False,"[[0, 0, 0, 0, 0, 0, 0, 0, 0, 0, 0], [0, 1, 1, 1, 1, 1, 1, 4, 5, 1, 0], [0, 1, 0, 0, 0, 1, 0, 0, 0, 1, 0], [0, 1, 0, 1, 1, 1, 1, 1, 0, 1, 0], [0, 1, 1, 1, 0, 1, 0, 1, 1, 1, 0], [0, 0, 0, 1, 0, 1, 0, 1, 0, 0, 0], [0, 1, 1, 1, 1, 1, 1, 1, 1, 4, 0], [0, 1, 0, 1, 0, 0, 0, 1, 0, 1, 0], [0, 1, 0, 1, 0, 1, 0, 1, 0, 1, 0], [0, 1, 0, 1, 0, 1, 1, 1, 0, 1, 0], [0, 2, 0, 1, 0, 1, 1, 1, 0, 1, 0], [0, 2, 0, 1, 0, 1, 0, 1, 0, 1, 0], [0, 2, 0, 1, 0, 0, 0, 1, 0, 1, 0], [0, 2, 2, 1, 2, 1, 1, 1, 1, 1, 0], [0, 0, 0, 1, 0, 1, 0, 1, 0, 0, 0], [0, 2, 2, 1, 0, 1, 0, 1, 1, 1, 0], [0, 2, 0, 1, 1, 1, 1, 1, 0, 1, 0], [0, 2, 0, 0, 0, 1, 0, 0, 0, 1, 0], [0, 3, 2, 2, 2, 1, 1, 1, 1, 1, 0], [0, 0, 0, 0, 0, 0, 0, 0, 0, 0, 0]]"
2026-05-23T18:24:04.958326,0,East,1028.0,False,False,False,"[[0, 0, 0, 0, 0, 0, 0, 0, 0, 0, 0], [0, 1, 1, 1, 1, 1, 1, 1, 4, 5, 0], [0, 1, 0, 0, 0, 1, 0, 0, 0, 1, 0], [0, 1, 0, 1, 1, 1, 1, 1, 0, 1, 0], [0, 1, 1, 1, 0, 1, 0, 1, 1, 1, 0], [0, 0, 0, 1, 0, 1, 0, 1, 0, 0, 0], [0, 1, 1, 1, 1, 1, 1, 1, 1, 1, 0], [0, 1, 0, 1, 0, 0, 0, 1, 0, 4, 0], [0, 1, 0, 1, 0, 1, 0, 1, 0, 1, 0], [0, 1, 0, 1, 0, 1, 1, 1, 0, 1, 0], [0, 2, 0, 1, 0, 1, 1, 1, 0, 1, 0], [0, 2, 0, 1, 0, 1, 0, 1, 0, 1, 0], [0, 2, 0, 1, 0, 0, 0, 1, 0, 1, 0], [0, 2, 2, 1, 2, 1, 1, 1, 1, 1, 0], [0, 0, 0, 1, 0, 1, 0, 1, 0, 0, 0], [0, 2, 2, 1, 0, 1, 0, 1, 1, 1, 0], [0, 2, 0, 1, 1, 1, 1, 1, 0, 1, 0], [0, 2, 0, 0, 0, 1, 0, 0, 0, 1, 0], [0, 3, 2, 2, 2, 1, 1, 1, 1, 1, 0], [0, 0, 0, 0, 0, 0, 0, 0, 0, 0, 0]]"
2026-05-23T18:24:05.074833,0,East,1027.0,False,False,False,"[[0, 0, 0, 0, 0, 0, 0, 0, 0, 0, 0], [0, 1, 1, 1, 1, 1, 1, 1, 1, 4, 0], [0, 1, 0, 0, 0, 1, 0, 0, 0, 5, 0], [0, 1, 0, 1, 1, 1, 1, 1, 0, 1, 0], [0, 1, 1, 1, 0, 1, 0, 1, 1, 1, 0], [0, 0, 0, 1, 0, 1, 0, 1, 0, 0, 0], [0, 1, 1, 1, 1, 1, 1, 1, 1, 1, 0], [0, 1, 0, 1, 0, 0, 0, 1, 0, 1, 0], [0, 1, 0, 1, 0, 1, 0, 1, 0, 4, 0], [0, 1, 0, 1, 0, 1, 1, 1, 0, 1, 0], [0, 2, 0, 1, 0, 1, 1, 1, 0, 1, 0], [0, 2, 0, 1, 0, 1, 0, 1, 0, 1, 0], [0, 2, 0, 1, 0, 0, 0, 1, 0, 1, 0], [0, 2, 2, 1, 2, 1, 1, 1, 1, 1, 0], [0, 0, 0, 1, 0, 1, 0, 1, 0, 0, 0], [0, 2, 2, 1, 0, 1, 0, 1, 1, 1, 0], [0, 2, 0, 1, 1, 1, 1, 1, 0, 1, 0], [0, 2, 0, 0, 0, 1, 0, 0, 0, 1, 0], [0, 3, 2, 2, 2, 1, 1, 1, 1, 1, 0], [0, 0, 0, 0, 0, 0, 0, 0, 0, 0, 0]]"
2026-05-23T18:24:05.191733,0,East,1026.0,False,False,False,"[[0, 0, 0, 0, 0, 0, 0, 0, 0, 0, 0], [0, 1, 1, 1, 1, 1, 1, 1, 1, 1, 0], [0, 1, 0, 0, 0, 1, 0, 0, 0, 4, 0], [0, 1, 0, 1, 1, 1, 1, 1, 0, 5, 0], [0, 1, 1, 1, 0, 1, 0, 1, 1, 1, 0], [0, 0, 0, 1, 0, 1, 0, 1, 0, 0, 0], [0, 1, 1, 1, 1, 1, 1, 1, 1, 1, 0], [0, 1, 0, 1, 0, 0, 0, 1, 0, 1, 0], [0, 1, 0, 1, 0, 1, 0, 1, 0, 1, 0], [0, 1, 0, 1, 0, 1, 1, 1, 0, 4, 0], [0, 2, 0, 1, 0, 1, 1, 1, 0, 1, 0], [0, 2, 0, 1, 0, 1, 0, 1, 0, 1, 0], [0, 2, 0, 1, 0, 0, 0, 1, 0, 1, 0], [0, 2, 2, 1, 2, 1, 1, 1, 1, 1, 0], [0, 0, 0, 1, 0, 1, 0, 1, 0, 0, 0], [0, 2, 2, 1, 0, 1, 0, 1, 1, 1, 0], [0, 2, 0, 1, 1, 1, 1, 1, 0, 1, 0], [0, 2, 0, 0, 0, 1, 0, 0, 0, 1, 0], [0, 3, 2, 2, 2, 1, 1, 1, 1, 1, 0], [0, 0, 0, 0, 0, 0, 0, 0, 0, 0, 0]]"
2026-05-23T18:24:05.306135,0,South,1025.0,False,False,False,"[[0, 0, 0, 0, 0, 0, 0, 0, 0, 0, 0], [0, 1, 1, 1, 1, 1, 1, 1, 1, 1, 0], [0, 1, 0, 0, 0, 1, 0, 0, 0, 1, 0], [0, 1, 0, 1, 1, 1, 1, 1, 0, 4, 0], [0, 1, 1, 1, 0, 1, 0, 1, 1, 5, 0], [0, 0, 0, 1, 0, 1, 0, 1, 0, 0, 0], [0, 1, 1, 1, 1, 1, 1, 1, 1, 1, 0], [0, 1, 0, 1, 0, 0, 0, 1, 0, 1, 0], [0, 1, 0, 1, 0, 1, 0, 1, 0, 1, 0], [0, 1, 0, 1, 0, 1, 1, 1, 0, 1, 0], [0, 2, 0, 1, 0, 1, 1, 1, 0, 4, 0], [0, 2, 0, 1, 0, 1, 0, 1, 0, 1, 0], [0, 2, 0, 1, 0, 0, 0, 1, 0, 1, 0], [0, 2, 2, 1, 2, 1, 1, 1, 1, 1, 0], [0, 0, 0, 1, 0, 1, 0, 1, 0, 0, 0], [0, 2, 2, 1, 0, 1, 0, 1, 1, 1, 0], [0, 2, 0, 1, 1, 1, 1, 1, 0, 1, 0], [0, 2, 0, 0, 0, 1, 0, 0, 0, 1, 0], [0, 3, 2, 2, 2, 1, 1, 1, 1, 1, 0], [0, 0, 0, 0, 0, 0, 0, 0, 0, 0, 0]]"
2026-05-23T18:24:05.422281,0,South,1024.0,False,False,False,"[[0, 0, 0, 0, 0, 0, 0, 0, 0, 0, 0], [0, 1, 1, 1, 1, 1, 1, 1, 1, 1, 0], [0, 1, 0, 0, 0, 1, 0, 0, 0, 1, 0], [0, 1, 0, 1, 1, 1, 1, 1, 0, 1, 0], [0, 1, 1, 1, 0, 1, 0, 1, 5, 4, 0], [0, 0, 0, 1, 0, 1, 0, 1, 0, 0, 0], [0, 1, 1, 1, 1, 1, 1, 1, 1, 1, 0], [0, 1, 0, 1, 0, 0, 0, 1, 0, 1, 0], [0, 1, 0, 1, 0, 1, 0, 1, 0, 1, 0], [0, 1, 0, 1, 0, 1, 1, 1, 0, 1, 0], [0, 2, 0, 1, 0, 1, 1, 1, 0, 1, 0], [0, 2, 0, 1, 0, 1, 0, 1, 0, 4, 0], [0, 2, 0, 1, 0, 0, 0, 1, 0, 1, 0], [0, 2, 2, 1, 2, 1, 1, 1, 1, 1, 0], [0, 0, 0, 1, 0, 1, 0, 1, 0, 0, 0], [0, 2, 2, 1, 0, 1, 0, 1, 1, 1, 0], [0, 2, 0, 1, 1, 1, 1, 1, 0, 1, 0], [0, 2, 0, 0, 0, 1, 0, 0, 0, 1, 0], [0, 3, 2, 2, 2, 1, 1, 1, 1, 1, 0], [0, 0, 0, 0, 0, 0, 0, 0, 0, 0, 0]]"
2026-05-23T18:24:05.539424,0,West,1023.0,False,False,False,"[[0, 0, 0, 0, 0, 0, 0, 0, 0, 0, 0], [0, 1, 1, 1, 1, 1, 1, 1, 1, 1, 0], [0, 1, 0, 0, 0, 1, 0, 0, 0, 1, 0], [0, 1, 0, 1, 1, 1, 1, 1, 0, 1, 0], [0, 1, 1, 1, 0, 1, 0, 5, 4, 1, 0], [0, 0, 0, 1, 0, 1, 0, 1, 0, 0, 0], [0, 1, 1, 1, 1, 1, 1, 1, 1, 1, 0], [0, 1, 0, 1, 0, 0, 0, 1, 0, 1, 0], [0, 1, 0, 1, 0, 1, 0, 1, 0, 1, 0], [0, 1, 0, 1, 0, 1, 1, 1, 0, 1, 0], [0, 2, 0, 1, 0, 1, 1, 1, 0, 1, 0], [0, 2, 0, 1, 0, 1, 0, 1, 0, 1, 0], [0, 2, 0, 1, 0, 0, 0, 1, 0, 4, 0], [0, 2, 2, 1, 2, 1, 1, 1, 1, 1, 0], [0, 0, 0, 1, 0, 1, 0, 1, 0, 0, 0], [0, 2, 2, 1, 0, 1, 0, 1, 1, 1, 0], [0, 2, 0, 1, 1, 1, 1, 1, 0, 1, 0], [0, 2, 0, 0, 0, 1, 0, 0, 0, 1, 0], [0, 3, 2, 2, 2, 1, 1, 1, 1, 1, 0], [0, 0, 0, 0, 0, 0, 0, 0, 0, 0, 0]]"
2026-05-23T18:24:05.661167,0,South,1022.0,False,False,False,"[[0, 0, 0, 0, 0, 0, 0, 0, 0, 0, 0], [0, 1, 1, 1, 1, 1, 1, 1, 1, 1, 0], [0, 1, 0, 0, 0, 1, 0, 0, 0, 1, 0], [0, 1, 0, 1, 1, 1, 1, 5, 0, 1, 0], [0, 1, 1, 1, 0, 1, 0, 4, 1, 1, 0], [0, 0, 0, 1, 0, 1, 0, 1, 0, 0, 0], [0, 1, 1, 1, 1, 1, 1, 1, 1, 1, 0], [0, 1, 0, 1, 0, 0, 0, 1, 0, 1, 0], [0, 1, 0, 1, 0, 1, 0, 1, 0, 1, 0], [0, 1, 0, 1, 0, 1, 1, 1, 0, 1, 0], [0, 2, 0, 1, 0, 1, 1, 1, 0, 1, 0], [0, 2, 0, 1, 0, 1, 0, 1, 0, 1, 0], [0, 2, 0, 1, 0, 0, 0, 1, 0, 1, 0], [0, 2, 2, 1, 2, 1, 1, 1, 1, 4, 0], [0, 0, 0, 1, 0, 1, 0, 1, 0, 0, 0], [0, 2, 2, 1, 0, 1, 0, 1, 1, 1, 0], [0, 2, 0, 1, 1, 1, 1, 1, 0, 1, 0], [0, 2, 0, 0, 0, 1, 0, 0, 0, 1, 0], [0, 3, 2, 2, 2, 1, 1, 1, 1, 1, 0], [0, 0, 0, 0, 0, 0, 0, 0, 0, 0, 0]]"
2026-05-23T18:24:05.777174,0,South,1021.0,False,False,False,"[[0, 0, 0, 0, 0, 0, 0, 0, 0, 0, 0], [0, 1, 1, 1, 1, 1, 1, 1, 1, 1, 0], [0, 1, 0, 0, 0, 1, 0, 0, 0, 1, 0], [0, 1, 0, 1, 1, 1, 5, 4, 0, 1, 0], [0, 1, 1, 1, 0, 1, 0, 1, 1, 1, 0], [0, 0, 0, 1, 0, 1, 0, 1, 0, 0, 0], [0, 1, 1, 1, 1, 1, 1, 1, 1, 1, 0], [0, 1, 0, 1, 0, 0, 0, 1, 0, 1, 0], [0, 1, 0, 1, 0, 1, 0, 1, 0, 1, 0], [0, 1, 0, 1, 0, 1, 1, 1, 0, 1, 0], [0, 2, 0, 1, 0, 1, 1, 1, 0, 1, 0], [0, 2, 0, 1, 0, 1, 0, 1, 0, 1, 0], [0, 2, 0, 1, 0, 0, 0, 1, 0, 1, 0], [0, 2, 2, 1, 2, 1, 1, 1, 4, 1, 0], [0, 0, 0, 1, 0, 1, 0, 1, 0, 0, 0], [0, 2, 2, 1, 0, 1, 0, 1, 1, 1, 0], [0, 2, 0, 1, 1, 1, 1, 1, 0, 1, 0], [0, 2, 0, 0, 0, 1, 0, 0, 0, 1, 0], [0, 3, 2, 2, 2, 1, 1, 1, 1, 1, 0], [0, 0, 0, 0, 0, 0, 0, 0, 0, 0, 0]]"
2026-05-23T18:24:05.952286,0,West,1020.0,False,False,False,"[[0, 0, 0, 0, 0, 0, 0, 0, 0, 0, 0], [0, 1, 1, 1, 1, 1, 1, 1, 1, 1, 0], [0, 1, 0, 0, 0, 1, 0, 0, 0, 1, 0], [0, 1, 0, 1, 1, 5, 4, 1, 0, 1, 0], [0, 1, 1, 1, 0, 1, 0, 1, 1, 1, 0], [0, 0, 0, 1, 0, 1, 0, 1, 0, 0, 0], [0, 1, 1, 1, 1, 1, 1, 1, 1, 1, 0], [0, 1, 0, 1, 0, 0, 0, 1, 0, 1, 0], [0, 1, 0, 1, 0, 1, 0, 1, 0, 1, 0], [0, 1, 0, 1, 0, 1, 1, 1, 0, 1, 0], [0, 2, 0, 1, 0, 1, 1, 1, 0, 1, 0], [0, 2, 0, 1, 0, 1, 0, 1, 0, 1, 0], [0, 2, 0, 1, 0, 0, 0, 1, 0, 1, 0], [0, 2, 2, 1, 2, 1, 1, 4, 1, 1, 0], [0, 0, 0, 1, 0, 1, 0, 1, 0, 0, 0], [0, 2, 2, 1, 0, 1, 0, 1, 1, 1, 0], [0, 2, 0, 1, 1, 1, 1, 1, 0, 1, 0], [0, 2, 0, 0, 0, 1, 0, 0, 0, 1, 0], [0, 3, 2, 2, 2, 1, 1, 1, 1, 1, 0], [0, 0, 0, 0, 0, 0, 0, 0, 0, 0, 0]]"
2026-05-23T18:24:06.073117,0,West,1019.0,False,False,False,"[[0, 0, 0, 0, 0, 0, 0, 0, 0, 0, 0], [0, 1, 1, 1, 1, 1, 1, 1, 1, 1, 0], [0, 1, 0, 0, 0, 5, 0, 0, 0, 1, 0], [0, 1, 0, 1, 1, 4, 1, 1, 0, 1, 0], [0, 1, 1, 1, 0, 1, 0, 1, 1, 1, 0], [0, 0, 0, 1, 0, 1, 0, 1, 0, 0, 0], [0, 1, 1, 1, 1, 1, 1, 1, 1, 1, 0], [0, 1, 0, 1, 0, 0, 0, 1, 0, 1, 0], [0, 1, 0, 1, 0, 1, 0, 1, 0, 1, 0], [0, 1, 0, 1, 0, 1, 1, 1, 0, 1, 0], [0, 2, 0, 1, 0, 1, 1, 1, 0, 1, 0], [0, 2, 0, 1, 0, 1, 0, 1, 0, 1, 0], [0, 2, 0, 1, 0, 0, 0, 1, 0, 1, 0], [0, 2, 2, 1, 2, 1, 4, 1, 1, 1, 0], [0, 0, 0, 1, 0, 1, 0, 1, 0, 0, 0], [0, 2, 2, 1, 0, 1, 0, 1, 1, 1, 0], [0, 2, 0, 1, 1, 1, 1, 1, 0, 1, 0], [0, 2, 0, 0, 0, 1, 0, 0, 0, 1, 0], [0, 3, 2, 2, 2, 1, 1, 1, 1, 1, 0], [0, 0, 0, 0, 0, 0, 0, 0, 0, 0, 0]]"
2026-05-23T18:24:06.191324,0,North,1018.0,False,False,False,"[[0, 0, 0, 0, 0, 0, 0, 0, 0, 0, 0], [0, 1, 1, 1, 1, 5, 1, 1, 1, 1, 0], [0, 1, 0, 0, 0, 4, 0, 0, 0, 1, 0], [0, 1, 0, 1, 1, 1, 1, 1, 0, 1, 0], [0, 1, 1, 1, 0, 1, 0, 1, 1, 1, 0], [0, 0, 0, 1, 0, 1, 0, 1, 0, 0, 0], [0, 1, 1, 1, 1, 1, 1, 1, 1, 1, 0], [0, 1, 0, 1, 0, 0, 0, 1, 0, 1, 0], [0, 1, 0, 1, 0, 1, 0, 1, 0, 1, 0], [0, 1, 0, 1, 0, 1, 1, 1, 0, 1, 0], [0, 2, 0, 1, 0, 1, 1, 1, 0, 1, 0], [0, 2, 0, 1, 0, 1, 0, 1, 0, 1, 0], [0, 2, 0, 1, 0, 0, 0, 1, 0, 1, 0], [0, 2, 2, 1, 2, 4, 1, 1, 1, 1, 0], [0, 0, 0, 1, 0, 1, 0, 1, 0, 0, 0], [0, 2, 2, 1, 0, 1, 0, 1, 1, 1, 0], [0, 2, 0, 1, 1, 1, 1, 1, 0, 1, 0], [0, 2, 0, 0, 0, 1, 0, 0, 0, 1, 0], [0, 3, 2, 2, 2, 1, 1, 1, 1, 1, 0], [0, 0, 0, 0, 0, 0, 0, 0, 0, 0, 0]]"
2026-05-23T18:24:06.313521,0,North,1017.0,False,False,False,"[[0, 0, 0, 0, 0, 0, 0, 0, 0, 0, 0], [0, 1, 1, 1, 1, 4, 5, 1, 1, 1, 0], [0, 1, 0, 0, 0, 1, 0, 0, 0, 1, 0], [0, 1, 0, 1, 1, 1, 1, 1, 0, 1, 0], [0, 1, 1, 1, 0, 1, 0, 1, 1, 1, 0], [0, 0, 0, 1, 0, 1, 0, 1, 0, 0, 0], [0, 1, 1, 1, 1, 1, 1, 1, 1, 1, 0], [0, 1, 0, 1, 0, 0, 0, 1, 0, 1, 0], [0, 1, 0, 1, 0, 1, 0, 1, 0, 1, 0], [0, 1, 0, 1, 0, 1, 1, 1, 0, 1, 0], [0, 2, 0, 1, 0, 1, 1, 1, 0, 1, 0], [0, 2, 0, 1, 0, 1, 0, 1, 0, 1, 0], [0, 2, 0, 1, 0, 0, 0, 1, 0, 1, 0], [0, 2, 2, 1, 4, 1, 1, 1, 1, 1, 0], [0, 0, 0, 1, 0, 1, 0, 1, 0, 0, 0], [0, 2, 2, 1, 0, 1, 0, 1, 1, 1, 0], [0, 2, 0, 1, 1, 1, 1, 1, 0, 1, 0], [0, 2, 0, 0, 0, 1, 0, 0, 0, 1, 0], [0, 3, 2, 2, 2, 1, 1, 1, 1, 1, 0], [0, 0, 0, 0, 0, 0, 0, 0, 0, 0, 0]]"
2026-05-23T18:24:06.436084,0,North,1016.0,False,False,False,"[[0, 0, 0, 0, 0, 0, 0, 0, 0, 0, 0], [0, 1, 1, 1, 1, 1, 4, 5, 1, 1, 0], [0, 1, 0, 0, 0, 1, 0, 0, 0, 1, 0], [0, 1, 0, 1, 1, 1, 1, 1, 0, 1, 0], [0, 1, 1, 1, 0, 1, 0, 1, 1, 1, 0], [0, 0, 0, 1, 0, 1, 0, 1, 0, 0, 0], [0, 1, 1, 1, 1, 1, 1, 1, 1, 1, 0], [0, 1, 0, 1, 0, 0, 0, 1, 0, 1, 0], [0, 1, 0, 1, 0, 1, 0, 1, 0, 1, 0], [0, 1, 0, 1, 0, 1, 1, 1, 0, 1, 0], [0, 2, 0, 1, 0, 1, 1, 1, 0, 1, 0], [0, 2, 0, 1, 0, 1, 0, 1, 0, 1, 0], [0, 2, 0, 1, 0, 0, 0, 1, 0, 1, 0], [0, 2, 2, 4, 2, 1, 1, 1, 1, 1, 0], [0, 0, 0, 1, 0, 1, 0, 1, 0, 0, 0], [0, 2, 2, 1, 0, 1, 0, 1, 1, 1, 0], [0, 2, 0, 1, 1, 1, 1, 1, 0, 1, 0], [0, 2, 0, 0, 0, 1, 0, 0, 0, 1, 0], [0, 3, 2, 2, 2, 1, 1, 1, 1, 1, 0], [0, 0, 0, 0, 0, 0, 0, 0, 0, 0, 0]]"
2026-05-23T18:24:06.552347,0,North,1015.0,False,False,False,"[[0, 0, 0, 0, 0, 0, 0, 0, 0, 0, 0], [0, 1, 1, 1, 1, 1, 1, 4, 5, 1, 0], [0, 1, 0, 0, 0, 1, 0, 0, 0, 1, 0], [0, 1, 0, 1, 1, 1, 1, 1, 0, 1, 0], [0, 1, 1, 1, 0, 1, 0, 1, 1, 1, 0], [0, 0, 0, 1, 0, 1, 0, 1, 0, 0, 0], [0, 1, 1, 1, 1, 1, 1, 1, 1, 1, 0], [0, 1, 0, 1, 0, 0, 0, 1, 0, 1, 0], [0, 1, 0, 1, 0, 1, 0, 1, 0, 1, 0], [0, 1, 0, 1, 0, 1, 1, 1, 0, 1, 0], [0, 2, 0, 1, 0, 1, 1, 1, 0, 1, 0], [0, 2, 0, 1, 0, 1, 0, 1, 0, 1, 0], [0, 2, 0, 4, 0, 0, 0, 1, 0, 1, 0], [0, 2, 2, 1, 2, 1, 1, 1, 1, 1, 0], [0, 0, 0, 1, 0, 1, 0, 1, 0, 0, 0], [0, 2, 2, 1, 0, 1, 0, 1, 1, 1, 0], [0, 2, 0, 1, 1, 1, 1, 1, 0, 1, 0], [0, 2, 0, 0, 0, 1, 0, 0, 0, 1, 0], [0, 3, 2, 2, 2, 1, 1, 1, 1, 1, 0], [0, 0, 0, 0, 0, 0, 0, 0, 0, 0, 0]]"
2026-05-23T18:24:06.665772,0,East,1014.0,False,False,False,"[[0, 0, 0, 0, 0, 0, 0, 0, 0, 0, 0], [0, 1, 1, 1, 1, 1, 1, 1, 4, 5, 0], [0, 1, 0, 0, 0, 1, 0, 0, 0, 1, 0], [0, 1, 0, 1, 1, 1, 1, 1, 0, 1, 0], [0, 1, 1, 1, 0, 1, 0, 1, 1, 1, 0], [0, 0, 0, 1, 0, 1, 0, 1, 0, 0, 0], [0, 1, 1, 1, 1, 1, 1, 1, 1, 1, 0], [0, 1, 0, 1, 0, 0, 0, 1, 0, 1, 0], [0, 1, 0, 1, 0, 1, 0, 1, 0, 1, 0], [0, 1, 0, 1, 0, 1, 1, 1, 0, 1, 0], [0, 2, 0, 1, 0, 1, 1, 1, 0, 1, 0], [0, 2, 0, 4, 0, 1, 0, 1, 0, 1, 0], [0, 2, 0, 1, 0, 0, 0, 1, 0, 1, 0], [0, 2, 2, 1, 2, 1, 1, 1, 1, 1, 0], [0, 0, 0, 1, 0, 1, 0, 1, 0, 0, 0], [0, 2, 2, 1, 0, 1, 0, 1, 1, 1, 0], [0, 2, 0, 1, 1, 1, 1, 1, 0, 1, 0], [0, 2, 0, 0, 0, 1, 0, 0, 0, 1, 0], [0, 3, 2, 2, 2, 1, 1, 1, 1, 1, 0], [0, 0, 0, 0, 0, 0, 0, 0, 0, 0, 0]]"
2026-05-23T18:24:06.781102,0,East,1013.0,False,False,False,"[[0, 0, 0, 0, 0, 0, 0, 0, 0, 0, 0], [0, 1, 1, 1, 1, 1, 1, 1, 1, 4, 0], [0, 1, 0, 0, 0, 1, 0, 0, 0, 5, 0], [0, 1, 0, 1, 1, 1, 1, 1, 0, 1, 0], [0, 1, 1, 1, 0, 1, 0, 1, 1, 1, 0], [0, 0, 0, 1, 0, 1, 0, 1, 0, 0, 0], [0, 1, 1, 1, 1, 1, 1, 1, 1, 1, 0], [0, 1, 0, 1, 0, 0, 0, 1, 0, 1, 0], [0, 1, 0, 1, 0, 1, 0, 1, 0, 1, 0], [0, 1, 0, 1, 0, 1, 1, 1, 0, 1, 0], [0, 2, 0, 4, 0, 1, 1, 1, 0, 1, 0], [0, 2, 0, 1, 0, 1, 0, 1, 0, 1, 0], [0, 2, 0, 1, 0, 0, 0, 1, 0, 1, 0], [0, 2, 2, 1, 2, 1, 1, 1, 1, 1, 0], [0, 0, 0, 1, 0, 1, 0, 1, 0, 0, 0], [0, 2, 2, 1, 0, 1, 0, 1, 1, 1, 0], [0, 2, 0, 1, 1, 1, 1, 1, 0, 1, 0], [0, 2, 0, 0, 0, 1, 0, 0, 0, 1, 0], [0, 3, 2, 2, 2, 1, 1, 1, 1, 1, 0], [0, 0, 0, 0, 0, 0, 0, 0, 0, 0, 0]]"
2026-05-23T18:24:06.896168,0,East,1012.0,False,False,False,"[[0, 0, 0, 0, 0, 0, 0, 0, 0, 0, 0], [0, 1, 1, 1, 1, 1, 1, 1, 1, 1, 0], [0, 1, 0, 0, 0, 1, 0, 0, 0, 4, 0], [0, 1, 0, 1, 1, 1, 1, 1, 0, 5, 0], [0, 1, 1, 1, 0, 1, 0, 1, 1, 1, 0], [0, 0, 0, 1, 0, 1, 0, 1, 0, 0, 0], [0, 1, 1, 1, 1, 1, 1, 1, 1, 1, 0], [0, 1, 0, 1, 0, 0, 0, 1, 0, 1, 0], [0, 1, 0, 1, 0, 1, 0, 1, 0, 1, 0], [0, 1, 0, 4, 0, 1, 1, 1, 0, 1, 0], [0, 2, 0, 1, 0, 1, 1, 1, 0, 1, 0], [0, 2, 0, 1, 0, 1, 0, 1, 0, 1, 0], [0, 2, 0, 1, 0, 0, 0, 1, 0, 1, 0], [0, 2, 2, 1, 2, 1, 1, 1, 1, 1, 0], [0, 0, 0, 1, 0, 1, 0, 1, 0, 0, 0], [0, 2, 2, 1, 0, 1, 0, 1, 1, 1, 0], [0, 2, 0, 1, 1, 1, 1, 1, 0, 1, 0], [0, 2, 0, 0, 0, 1, 0, 0, 0, 1, 0], [0, 3, 2, 2, 2, 1, 1, 1, 1, 1, 0], [0, 0, 0, 0, 0, 0, 0, 0, 0, 0, 0]]"
2026-05-23T18:24:07.011470,0,South,1011.0,False,False,False,"[[0, 0, 0, 0, 0, 0, 0, 0, 0, 0, 0], [0, 1, 1, 1, 1, 1, 1, 1, 1, 1, 0], [0, 1, 0, 0, 0, 1, 0, 0, 0, 1, 0], [0, 1, 0, 1, 1, 1, 1, 1, 0, 4, 0], [0, 1, 1, 1, 0, 1, 0, 1, 1, 5, 0], [0, 0, 0, 1, 0, 1, 0, 1, 0, 0, 0], [0, 1, 1, 1, 1, 1, 1, 1, 1, 1, 0], [0, 1, 0, 1, 0, 0, 0, 1, 0, 1, 0], [0, 1, 0, 4, 0, 1, 0, 1, 0, 1, 0], [0, 1, 0, 1, 0, 1, 1, 1, 0, 1, 0], [0, 2, 0, 1, 0, 1, 1, 1, 0, 1, 0], [0, 2, 0, 1, 0, 1, 0, 1, 0, 1, 0], [0, 2, 0, 1, 0, 0, 0, 1, 0, 1, 0], [0, 2, 2, 1, 2, 1, 1, 1, 1, 1, 0], [0, 0, 0, 1, 0, 1, 0, 1, 0, 0, 0], [0, 2, 2, 1, 0, 1, 0, 1, 1, 1, 0], [0, 2, 0, 1, 1, 1, 1, 1, 0, 1, 0], [0, 2, 0, 0, 0, 1, 0, 0, 0, 1, 0], [0, 3, 2, 2, 2, 1, 1, 1, 1, 1, 0], [0, 0, 0, 0, 0, 0, 0, 0, 0, 0, 0]]"
2026-05-23T18:24:07.126909,0,South,1010.0,False,False,False,"[[0, 0, 0, 0, 0, 0, 0, 0, 0, 0, 0], [0, 1, 1, 1, 1, 1, 1, 1, 1, 1, 0], [0, 1, 0, 0, 0, 1, 0, 0, 0, 1, 0], [0, 1, 0, 1, 1, 1, 1, 1, 0, 1, 0], [0, 1, 1, 1, 0, 1, 0, 1, 5, 4, 0], [0, 0, 0, 1, 0, 1, 0, 1, 0, 0, 0], [0, 1, 1, 1, 1, 1, 1, 1, 1, 1, 0], [0, 1, 0, 4, 0, 0, 0, 1, 0, 1, 0], [0, 1, 0, 1, 0, 1, 0, 1, 0, 1, 0], [0, 1, 0, 1, 0, 1, 1, 1, 0, 1, 0], [0, 2, 0, 1, 0, 1, 1, 1, 0, 1, 0], [0, 2, 0, 1, 0, 1, 0, 1, 0, 1, 0], [0, 2, 0, 1, 0, 0, 0, 1, 0, 1, 0], [0, 2, 2, 1, 2, 1, 1, 1, 1, 1, 0], [0, 0, 0, 1, 0, 1, 0, 1, 0, 0, 0], [0, 2, 2, 1, 0, 1, 0, 1, 1, 1, 0], [0, 2, 0, 1, 1, 1, 1, 1, 0, 1, 0], [0, 2, 0, 0, 0, 1, 0, 0, 0, 1, 0], [0, 3, 2, 2, 2, 1, 1, 1, 1, 1, 0], [0, 0, 0, 0, 0, 0, 0, 0, 0, 0, 0]]"
2026-05-23T18:24:07.244898,0,West,1009.0,False,False,False,"[[0, 0, 0, 0, 0, 0, 0, 0, 0, 0, 0], [0, 1, 1, 1, 1, 1, 1, 1, 1, 1, 0], [0, 1, 0, 0, 0, 1, 0, 0, 0, 1, 0], [0, 1, 0, 1, 1, 1, 1, 1, 0, 1, 0], [0, 1, 1, 1, 0, 1, 0, 5, 4, 1, 0], [0, 0, 0, 1, 0, 1, 0, 1, 0, 0, 0], [0, 1, 1, 4, 1, 1, 1, 1, 1, 1, 0], [0, 1, 0, 1, 0, 0, 0, 1, 0, 1, 0], [0, 1, 0, 1, 0, 1, 0, 1, 0, 1, 0], [0, 1, 0, 1, 0, 1, 1, 1, 0, 1, 0], [0, 2, 0, 1, 0, 1, 1, 1, 0, 1, 0], [0, 2, 0, 1, 0, 1, 0, 1, 0, 1, 0], [0, 2, 0, 1, 0, 0, 0, 1, 0, 1, 0], [0, 2, 2, 1, 2, 1, 1, 1, 1, 1, 0], [0, 0, 0, 1, 0, 1, 0, 1, 0, 0, 0], [0, 2, 2, 1, 0, 1, 0, 1, 1, 1, 0], [0, 2, 0, 1, 1, 1, 1, 1, 0, 1, 0], [0, 2, 0, 0, 0, 1, 0, 0, 0, 1, 0], [0, 3, 2, 2, 2, 1, 1, 1, 1, 1, 0], [0, 0, 0, 0, 0, 0, 0, 0, 0, 0, 0]]"
2026-05-23T18:24:07.366854,0,South,1008.0,False,False,False,"[[0, 0, 0, 0, 0, 0, 0, 0, 0, 0, 0], [0, 1, 1, 1, 1, 1, 1, 1, 1, 1, 0], [0, 1, 0, 0, 0, 1, 0, 0, 0, 1, 0], [0, 1, 0, 1, 1, 1, 1, 5, 0, 1, 0], [0, 1, 1, 1, 0, 1, 0, 4, 1, 1, 0], [0, 0, 0, 4, 0, 1, 0, 1, 0, 0, 0], [0, 1, 1, 1, 1, 1, 1, 1, 1, 1, 0], [0, 1, 0, 1, 0, 0, 0, 1, 0, 1, 0], [0, 1, 0, 1, 0, 1, 0, 1, 0, 1, 0], [0, 1, 0, 1, 0, 1, 1, 1, 0, 1, 0], [0, 2, 0, 1, 0, 1, 1, 1, 0, 1, 0], [0, 2, 0, 1, 0, 1, 0, 1, 0, 1, 0], [0, 2, 0, 1, 0, 0, 0, 1, 0, 1, 0], [0, 2, 2, 1, 2, 1, 1, 1, 1, 1, 0], [0, 0, 0, 1, 0, 1, 0, 1, 0, 0, 0], [0, 2, 2, 1, 0, 1, 0, 1, 1, 1, 0], [0, 2, 0, 1, 1, 1, 1, 1, 0, 1, 0], [0, 2, 0, 0, 0, 1, 0, 0, 0, 1, 0], [0, 3, 2, 2, 2, 1, 1, 1, 1, 1, 0], [0, 0, 0, 0, 0, 0, 0, 0, 0, 0, 0]]"
2026-05-23T18:24:07.486234,0,South,1007.0,False,False,False,"[[0, 0, 0, 0, 0, 0, 0, 0, 0, 0, 0], [0, 1, 1, 1, 1, 1, 1, 1, 1, 1, 0], [0, 1, 0, 0, 0, 1, 0, 0, 0, 1, 0], [0, 1, 0, 1, 1, 1, 5, 4, 0, 1, 0], [0, 1, 1, 4, 0, 1, 0, 1, 1, 1, 0], [0, 0, 0, 1, 0, 1, 0, 1, 0, 0, 0], [0, 1, 1, 1, 1, 1, 1, 1, 1, 1, 0], [0, 1, 0, 1, 0, 0, 0, 1, 0, 1, 0], [0, 1, 0, 1, 0, 1, 0, 1, 0, 1, 0], [0, 1, 0, 1, 0, 1, 1, 1, 0, 1, 0], [0, 2, 0, 1, 0, 1, 1, 1, 0, 1, 0], [0, 2, 0, 1, 0, 1, 0, 1, 0, 1, 0], [0, 2, 0, 1, 0, 0, 0, 1, 0, 1, 0], [0, 2, 2, 1, 2, 1, 1, 1, 1, 1, 0], [0, 0, 0, 1, 0, 1, 0, 1, 0, 0, 0], [0, 2, 2, 1, 0, 1, 0, 1, 1, 1, 0], [0, 2, 0, 1, 1, 1, 1, 1, 0, 1, 0], [0, 2, 0, 0, 0, 1, 0, 0, 0, 1, 0], [0, 3, 2, 2, 2, 1, 1, 1, 1, 1, 0], [0, 0, 0, 0, 0, 0, 0, 0, 0, 0, 0]]"
2026-05-23T18:24:07.604306,0,West,1006.0,False,False,False,"[[0, 0, 0, 0, 0, 0, 0, 0, 0, 0, 0], [0, 1, 1, 1, 1, 1, 1, 1, 1, 1, 0], [0, 1, 0, 0, 0, 1, 0, 0, 0, 1, 0], [0, 1, 0, 4, 1, 5, 4, 1, 0, 1, 0], [0, 1, 1, 1, 0, 1, 0, 1, 1, 1, 0], [0, 0, 0, 1, 0, 1, 0, 1, 0, 0, 0], [0, 1, 1, 1, 1, 1, 1, 1, 1, 1, 0], [0, 1, 0, 1, 0, 0, 0, 1, 0, 1, 0], [0, 1, 0, 1, 0, 1, 0, 1, 0, 1, 0], [0, 1, 0, 1, 0, 1, 1, 1, 0, 1, 0], [0, 2, 0, 1, 0, 1, 1, 1, 0, 1, 0], [0, 2, 0, 1, 0, 1, 0, 1, 0, 1, 0], [0, 2, 0, 1, 0, 0, 0, 1, 0, 1, 0], [0, 2, 2, 1, 2, 1, 1, 1, 1, 1, 0], [0, 0, 0, 1, 0, 1, 0, 1, 0, 0, 0], [0, 2, 2, 1, 0, 1, 0, 1, 1, 1, 0], [0, 2, 0, 1, 1, 1, 1, 1, 0, 1, 0], [0, 2, 0, 0, 0, 1, 0, 0, 0, 1, 0], [0, 3, 2, 2, 2, 1, 1, 1, 1, 1, 0], [0, 0, 0, 0, 0, 0, 0, 0, 0, 0, 0]]"
2026-05-23T18:24:07.721193,0,West,1005.0,False,False,False,"[[0, 0, 0, 0, 0, 0, 0, 0, 0, 0, 0], [0, 1, 1, 1, 1, 1, 1, 1, 1, 1, 0], [0, 1, 0, 0, 0, 5, 0, 0, 0, 1, 0], [0, 1, 0, 1, 4, 4, 1, 1, 0, 1, 0], [0, 1, 1, 1, 0, 1, 0, 1, 1, 1, 0], [0, 0, 0, 1, 0, 1, 0, 1, 0, 0, 0], [0, 1, 1, 1, 1, 1, 1, 1, 1, 1, 0], [0, 1, 0, 1, 0, 0, 0, 1, 0, 1, 0], [0, 1, 0, 1, 0, 1, 0, 1, 0, 1, 0], [0, 1, 0, 1, 0, 1, 1, 1, 0, 1, 0], [0, 2, 0, 1, 0, 1, 1, 1, 0, 1, 0], [0, 2, 0, 1, 0, 1, 0, 1, 0, 1, 0], [0, 2, 0, 1, 0, 0, 0, 1, 0, 1, 0], [0, 2, 2, 1, 2, 1, 1, 1, 1, 1, 0], [0, 0, 0, 1, 0, 1, 0, 1, 0, 0, 0], [0, 2, 2, 1, 0, 1, 0, 1, 1, 1, 0], [0, 2, 0, 1, 1, 1, 1, 1, 0, 1, 0], [0, 2, 0, 0, 0, 1, 0, 0, 0, 1, 0], [0, 3, 2, 2, 2, 1, 1, 1, 1, 1, 0], [0, 0, 0, 0, 0, 0, 0, 0, 0, 0, 0]]"
2026-05-23T18:24:07.849565,0,North,1004.0,False,False,False,"[[0, 0, 0, 0, 0, 0, 0, 0, 0, 0, 0], [0, 1, 1, 1, 1, 5, 1, 1, 1, 1, 0], [0, 1, 0, 0, 0, 4, 0, 0, 0, 1, 0], [0, 1, 0, 1, 1, 4, 1, 1, 0, 1, 0], [0, 1, 1, 1, 0, 1, 0, 1, 1, 1, 0], [0, 0, 0, 1, 0, 1, 0, 1, 0, 0, 0], [0, 1, 1, 1, 1, 1, 1, 1, 1, 1, 0], [0, 1, 0, 1, 0, 0, 0, 1, 0, 1, 0], [0, 1, 0, 1, 0, 1, 0, 1, 0, 1, 0], [0, 1, 0, 1, 0, 1, 1, 1, 0, 1, 0], [0, 2, 0, 1, 0, 1, 1, 1, 0, 1, 0], [0, 2, 0, 1, 0, 1, 0, 1, 0, 1, 0], [0, 2, 0, 1, 0, 0, 0, 1, 0, 1, 0], [0, 2, 2, 1, 2, 1, 1, 1, 1, 1, 0], [0, 0, 0, 1, 0, 1, 0, 1, 0, 0, 0], [0, 2, 2, 1, 0, 1, 0, 1, 1, 1, 0], [0, 2, 0, 1, 1, 1, 1, 1, 0, 1, 0], [0, 2, 0, 0, 0, 1, 0, 0, 0, 1, 0], [0, 3, 2, 2, 2, 1, 1, 1, 1, 1, 0], [0, 0, 0, 0, 0, 0, 0, 0, 0, 0, 0]]"
2026-05-23T18:24:07.965553,0,North,1003.0,False,False,False,"[[0, 0, 0, 0, 0, 0, 0, 0, 0, 0, 0], [0, 1, 1, 1, 1, 4, 5, 1, 1, 1, 0], [0, 1, 0, 0, 0, 1, 0, 0, 0, 1, 0], [0, 1, 0, 1, 1, 1, 4, 1, 0, 1, 0], [0, 1, 1, 1, 0, 1, 0, 1, 1, 1, 0], [0, 0, 0, 1, 0, 1, 0, 1, 0, 0, 0], [0, 1, 1, 1, 1, 1, 1, 1, 1, 1, 0], [0, 1, 0, 1, 0, 0, 0, 1, 0, 1, 0], [0, 1, 0, 1, 0, 1, 0, 1, 0, 1, 0], [0, 1, 0, 1, 0, 1, 1, 1, 0, 1, 0], [0, 2, 0, 1, 0, 1, 1, 1, 0, 1, 0], [0, 2, 0, 1, 0, 1, 0, 1, 0, 1, 0], [0, 2, 0, 1, 0, 0, 0, 1, 0, 1, 0], [0, 2, 2, 1, 2, 1, 1, 1, 1, 1, 0], [0, 0, 0, 1, 0, 1, 0, 1, 0, 0, 0], [0, 2, 2, 1, 0, 1, 0, 1, 1, 1, 0], [0, 2, 0, 1, 1, 1, 1, 1, 0, 1, 0], [0, 2, 0, 0, 0, 1, 0, 0, 0, 1, 0], [0, 3, 2, 2, 2, 1, 1, 1, 1, 1, 0], [0, 0, 0, 0, 0, 0, 0, 0, 0, 0, 0]]"
2026-05-23T18:24:08.079374,0,North,1002.0,False,False,False,"[[0, 0, 0, 0, 0, 0, 0, 0, 0, 0, 0], [0, 1, 1, 1, 1, 1, 4, 5, 1, 1, 0], [0, 1, 0, 0, 0, 1, 0, 0, 0, 1, 0], [0, 1, 0, 1, 1, 1, 1, 4, 0, 1, 0], [0, 1, 1, 1, 0, 1, 0, 1, 1, 1, 0], [0, 0, 0, 1, 0, 1, 0, 1, 0, 0, 0], [0, 1, 1, 1, 1, 1, 1, 1, 1, 1, 0], [0, 1, 0, 1, 0, 0, 0, 1, 0, 1, 0], [0, 1, 0, 1, 0, 1, 0, 1, 0, 1, 0], [0, 1, 0, 1, 0, 1, 1, 1, 0, 1, 0], [0, 2, 0, 1, 0, 1, 1, 1, 0, 1, 0], [0, 2, 0, 1, 0, 1, 0, 1, 0, 1, 0], [0, 2, 0, 1, 0, 0, 0, 1, 0, 1, 0], [0, 2, 2, 1, 2, 1, 1, 1, 1, 1, 0], [0, 0, 0, 1, 0, 1, 0, 1, 0, 0, 0], [0, 2, 2, 1, 0, 1, 0, 1, 1, 1, 0], [0, 2, 0, 1, 1, 1, 1, 1, 0, 1, 0], [0, 2, 0, 0, 0, 1, 0, 0, 0, 1, 0], [0, 3, 2, 2, 2, 1, 1, 1, 1, 1, 0], [0, 0, 0, 0, 0, 0, 0, 0, 0, 0, 0]]"
2026-05-23T18:24:08.194731,0,North,1001.0,False,False,False,"[[0, 0, 0, 0, 0, 0, 0, 0, 0, 0, 0], [0, 1, 1, 1, 1, 1, 1, 4, 5, 1, 0], [0, 1, 0, 0, 0, 1, 0, 0, 0, 1, 0], [0, 1, 0, 1, 1, 1, 1, 1, 0, 1, 0], [0, 1, 1, 1, 0, 1, 0, 4, 1, 1, 0], [0, 0, 0, 1, 0, 1, 0, 1, 0, 0, 0], [0, 1, 1, 1, 1, 1, 1, 1, 1, 1, 0], [0, 1, 0, 1, 0, 0, 0, 1, 0, 1, 0], [0, 1, 0, 1, 0, 1, 0, 1, 0, 1, 0], [0, 1, 0, 1, 0, 1, 1, 1, 0, 1, 0], [0, 2, 0, 1, 0, 1, 1, 1, 0, 1, 0], [0, 2, 0, 1, 0, 1, 0, 1, 0, 1, 0], [0, 2, 0, 1, 0, 0, 0, 1, 0, 1, 0], [0, 2, 2, 1, 2, 1, 1, 1, 1, 1, 0], [0, 0, 0, 1, 0, 1, 0, 1, 0, 0, 0], [0, 2, 2, 1, 0, 1, 0, 1, 1, 1, 0], [0, 2, 0, 1, 1, 1, 1, 1, 0, 1, 0], [0, 2, 0, 0, 0, 1, 0, 0, 0, 1, 0], [0, 3, 2, 2, 2, 1, 1, 1, 1, 1, 0], [0, 0, 0, 0, 0, 0, 0, 0, 0, 0, 0]]"
2026-05-23T18:24:08.307344,0,Stop,1000.0,False,False,False,"[[0, 0, 0, 0, 0, 0, 0, 0, 0, 0, 0], [0, 1, 1, 1, 1, 1, 1, 1, 4, 5, 0], [0, 1, 0, 0, 0, 1, 0, 0, 0, 1, 0], [0, 1, 0, 1, 1, 1, 1, 1, 0, 1, 0], [0, 1, 1, 1, 0, 1, 0, 1, 4, 1, 0], [0, 0, 0, 1, 0, 1, 0, 1, 0, 0, 0], [0, 1, 1, 1, 1, 1, 1, 1, 1, 1, 0], [0, 1, 0, 1, 0, 0, 0, 1, 0, 1, 0], [0, 1, 0, 1, 0, 1, 0, 1, 0, 1, 0], [0, 1, 0, 1, 0, 1, 1, 1, 0, 1, 0], [0, 2, 0, 1, 0, 1, 1, 1, 0, 1, 0], [0, 2, 0, 1, 0, 1, 0, 1, 0, 1, 0], [0, 2, 0, 1, 0, 0, 0, 1, 0, 1, 0], [0, 2, 2, 1, 2, 1, 1, 1, 1, 1, 0], [0, 0, 0, 1, 0, 1, 0, 1, 0, 0, 0], [0, 2, 2, 1, 0, 1, 0, 1, 1, 1, 0], [0, 2, 0, 1, 1, 1, 1, 1, 0, 1, 0], [0, 2, 0, 0, 0, 1, 0, 0, 0, 1, 0], [0, 3, 2, 2, 2, 1, 1, 1, 1, 1, 0], [0, 0, 0, 0, 0, 0, 0, 0, 0, 0, 0]]"
